#### Simulations (10)
# Sen0.sensor_w #1
0.0,0.0
360.0,0.0
# Sen0.sensor_w #2
0.0,0.0
360.0,0.0
# Sen0.sensor_w #3
0.0,0.0
360.0,0.0
# Sen0.sensor_w #4
0.0,0.0
360.0,0.0
# Sen0.sensor_w #5
0.0,0.0
360.0,0.0
# Sen0.sensor_w #6
0.0,0.0
360.0,0.0
# Sen0.sensor_w #7
0.0,0.0
360.0,0.0
# Sen0.sensor_w #8
0.0,0.0
360.0,0.0
# Sen0.sensor_w #9
0.0,0.0
360.0,0.0
# Sen0.sensor_w #10
0.0,0.0
360.0,0.0
# Sen5.sensor_w #1
0.0,0.0
2.0843149066341717,0.0
2.0843149066341717,0.9991562320725432
4.108459247266656,0.9991562320725432
4.108459247266656,-0.5156149691006273
6.203814617967119,-0.5156149691006273
6.203814617967119,3.6067424222002598
8.28333582026593,3.6067424222002598
8.28333582026593,-0.8690121120835342
10.33020784774962,-0.8690121120835342
10.33020784774962,-0.04485716059097749
12.393913982490332,-0.04485716059097749
12.393913982490332,-2.8412911928589732
14.413831952827298,-2.8412911928589732
14.413831952827298,-5.895065505345784
16.445246674343704,-5.895065505345784
16.445246674343704,0.7653041613689813
18.465319974065793,0.7653041613689813
18.465319974065793,-3.261189265550138
20.509887343968327,-3.261189265550138
20.509887343968327,-0.4477989518708581
22.583756521565494,-0.4477989518708581
22.583756521565494,6.399853292834504
24.612389290088466,6.399853292834504
24.612389290088466,4.666185594591238
26.70241330658342,4.666185594591238
26.70241330658342,3.4906308781340027
28.78940832276399,3.4906308781340027
28.78940832276399,8.187253308012025
30.80242746945963,8.187253308012025
30.80242746945963,-0.9050189150683953
32.87253782994608,-0.9050189150683953
32.87253782994608,-7.4592309596871145
34.9467667450772,-7.4592309596871145
34.9467667450772,-0.6156072164919694
37.019298037130724,-0.6156072164919694
37.019298037130724,-6.028440730673205
39.11506138202986,-6.028440730673205
39.11506138202986,4.965985374815106
41.14730664909605,4.965985374815106
41.14730664909605,0.3677433210636704
43.20787780015986,0.3677433210636704
43.20787780015986,4.886108268700801
45.30542284752207,4.886108268700801
45.30542284752207,3.777594986637679
47.36596790927495,3.777594986637679
47.36596790927495,-0.4249585168696487
49.45241471989249,-0.4249585168696487
49.45241471989249,12.522709167416878
51.55008180661823,12.522709167416878
51.55008180661823,6.2221319623703755
53.648599485118545,6.2221319623703755
53.648599485118545,-2.502439122792526
55.68432186147819,-2.502439122792526
55.68432186147819,2.216846341924074
57.71733768214164,2.216846341924074
57.71733768214164,-0.34681126516413224
59.759795279215766,-0.34681126516413224
59.759795279215766,-5.420688453937462
61.821213561402324,-5.420688453937462
61.821213561402324,-3.7092691815305745
63.836292614637586,-3.7092691815305745
63.836292614637586,0.57432340524568
65.91805549081178,0.57432340524568
65.91805549081178,0.15612776565970335
67.99614253222228,0.15612776565970335
67.99614253222228,-4.8502867631546085
70.06638987165617,-4.8502867631546085
70.06638987165617,-5.0590496176608735
72.08982236384145,-5.0590496176608735
72.08982236384145,-8.258031512677558
74.15572433691656,-8.258031512677558
74.15572433691656,2.4249037370890263
76.19176160201653,2.4249037370890263
76.19176160201653,3.5088437217570956
78.28529596893368,3.5088437217570956
78.28529596893368,-5.754701826827749
80.2874092682149,-5.754701826827749
80.2874092682149,-4.69073912995641
82.29097186509749,-4.69073912995641
82.29097186509749,2.4317729205097476
84.38269809469845,2.4317729205097476
84.38269809469845,6.39263850551329
86.39157000385946,6.39263850551329
86.39157000385946,4.149896540233563
88.48171885997893,4.149896540233563
88.48171885997893,-3.57540691360089
90.54827544139125,-3.57540691360089
90.54827544139125,4.468092285602431
92.58467867900036,4.468092285602431
92.58467867900036,-4.51649430276453
94.62198047122793,-4.51649430276453
94.62198047122793,-3.422487313774718
96.63591838541304,-3.422487313774718
96.63591838541304,-5.663048575654093
98.72371582516465,-5.663048575654093
98.72371582516465,-5.263188048477508
100.75578927637063,-5.263188048477508
100.75578927637063,-3.087065504956144
102.79739609474291,-3.087065504956144
102.79739609474291,-2.3693995501553373
104.83625521924778,-2.3693995501553373
104.83625521924778,-7.864855511444542
106.83660112081051,-7.864855511444542
106.83660112081051,4.503522871540054
108.89645386375157,4.503522871540054
108.89645386375157,-6.408615558310768
110.98544209599191,-6.408615558310768
110.98544209599191,8.32270809507129
113.02972287309508,8.32270809507129
113.02972287309508,2.6326081588189454
115.04484898340566,2.6326081588189454
115.04484898340566,6.00498284782539
117.1311337525817,6.00498284782539
117.1311337525817,3.3753078003978154
119.16143040969962,3.3753078003978154
119.16143040969962,4.8097017061251055
121.2250332925845,4.8097017061251055
121.2250332925845,6.452376008456837
123.31770965102898,6.452376008456837
123.31770965102898,-5.343244218614811
125.333784553663,-5.343244218614811
125.333784553663,-3.697712869799501
127.36045818463624,-3.697712869799501
127.36045818463624,0.5656355956000756
129.40629216167181,0.5656355956000756
129.40629216167181,-0.5094066426640803
131.4360253237352,-0.5094066426640803
131.4360253237352,-3.7730909812849776
133.47445503132133,-3.7730909812849776
133.47445503132133,4.101138859778236
135.5179737036692,4.101138859778236
135.5179737036692,-10.312035631062727
137.60521251437459,-10.312035631062727
137.60521251437459,3.059333791214666
139.61883150675993,3.059333791214666
139.61883150675993,-8.568948830486967
141.65178005726418,-8.568948830486967
141.65178005726418,2.586367686027526
143.73190586351186,2.586367686027526
143.73190586351186,-0.5287571655685916
145.83115044033732,-0.5287571655685916
145.83115044033732,-0.504111327602756
147.8920413083327,-0.504111327602756
147.8920413083327,4.518012496106134
149.91277570842524,4.518012496106134
149.91277570842524,-0.7050319617146152
151.94382335143513,-0.7050319617146152
151.94382335143513,-4.502474088956951
153.96383661120393,-4.502474088956951
153.96383661120393,-6.613586672140278
156.03976330214832,-6.613586672140278
156.03976330214832,3.31151153313078
158.112619005467,3.31151153313078
158.112619005467,-5.434679197103475
160.13190760183807,-5.434679197103475
160.13190760183807,-3.4270263406243435
162.22717399492853,-3.4270263406243435
162.22717399492853,-5.103031806095707
164.23147583404074,-5.103031806095707
164.23147583404074,2.519169356645849
166.30423232193598,2.519169356645849
166.30423232193598,-4.753074624772485
168.37520174263076,-4.753074624772485
168.37520174263076,-1.195425655118079
170.45977880625864,-1.195425655118079
170.45977880625864,-0.09144412193724719
172.53241819809654,-0.09144412193724719
172.53241819809654,-2.3805716359127254
174.58621261338564,-2.3805716359127254
174.58621261338564,-1.0311802445676985
176.60358039471168,-1.0311802445676985
176.60358039471168,-8.09983387667306
178.64869771413342,-8.09983387667306
178.64869771413342,-9.450766406189558
180.69562102295228,-9.450766406189558
180.69562102295228,8.14841813701959
182.77805208896808,8.14841813701959
182.77805208896808,0.8205618495486959
184.79226332411682,0.8205618495486959
184.79226332411682,0.1200144404612149
186.8111264835038,0.1200144404612149
186.8111264835038,7.892352324721638
188.84900076225586,7.892352324721638
188.84900076225586,1.783895917434239
190.92291210206866,1.783895917434239
190.92291210206866,6.8170307794833
192.96555654897054,6.8170307794833
192.96555654897054,7.118931504802233
195.05159751274687,7.118931504802233
195.05159751274687,-3.71413299195963
197.11932041677846,-3.71413299195963
197.11932041677846,4.056279351421593
199.21399116794902,4.056279351421593
199.21399116794902,-1.9620733922294307
201.23832315708822,-1.9620733922294307
201.23832315708822,6.031171837701641
203.29405483823743,6.031171837701641
203.29405483823743,0.29787209034734563
205.3212104370724,0.29787209034734563
205.3212104370724,3.5014943418695443
207.39069090626398,3.5014943418695443
207.39069090626398,-6.994478580319684
209.4702365003638,-6.994478580319684
209.4702365003638,6.764809501199642
211.53475442904974,6.764809501199642
211.53475442904974,-0.7753209148527815
213.6146503957205,-0.7753209148527815
213.6146503957205,2.460595547549081
215.6253571760125,2.460595547549081
215.6253571760125,-1.2814749339909248
217.63702006449273,-1.2814749339909248
217.63702006449273,5.991285695562222
219.6452082740589,5.991285695562222
219.6452082740589,-3.8930642658953922
221.70879478837094,-3.8930642658953922
221.70879478837094,1.8036856306104063
223.74662654276244,1.8036856306104063
223.74662654276244,-1.3986902057533577
225.79248511901258,-1.3986902057533577
225.79248511901258,1.1014149972381415
227.86520637364924,1.1014149972381415
227.86520637364924,-1.3342829899408986
229.90189856388926,-1.3342829899408986
229.90189856388926,-2.1550031765323046
231.98221185262784,-2.1550031765323046
231.98221185262784,-3.8385920592779668
234.00702161432739,-3.8385920592779668
234.00702161432739,-3.4128200322941953
236.02698886451122,-3.4128200322941953
236.02698886451122,-1.1747500026117763
238.0859884296617,-1.1747500026117763
238.0859884296617,-1.9351208795988215
240.13534678558656,-1.9351208795988215
240.13534678558656,-1.4729355613740527
242.16136842635754,-1.4729355613740527
242.16136842635754,0.6510285000887797
244.24034674589714,0.6510285000887797
244.24034674589714,-0.7799167477455181
246.24572057068067,-0.7799167477455181
246.24572057068067,-3.9266507436217832
248.26585909666667,-3.9266507436217832
248.26585909666667,-3.7818512574134338
250.32952424015218,-3.7818512574134338
250.32952424015218,-3.356711979426206
252.39343700487103,-3.356711979426206
252.39343700487103,-3.321903502560635
254.40613309805207,-3.321903502560635
254.40613309805207,-2.020542108634798
256.42090622707485,-2.020542108634798
256.42090622707485,-0.42977858944730224
258.4781665698558,-0.42977858944730224
258.4781665698558,5.837132318357705
260.5710472346753,5.837132318357705
260.5710472346753,-2.263675233513007
262.6192183928029,-2.263675233513007
262.6192183928029,-0.10459660624514286
264.6652539849681,-0.10459660624514286
264.6652539849681,-0.08380038420489329
266.7248221368002,-0.08380038420489329
266.7248221368002,0.003934181682959951
268.73128490086543,0.003934181682959951
268.73128490086543,-4.268212913470863
270.81221167263044,-4.268212913470863
270.81221167263044,-0.1408873509986911
272.8516393131061,-0.1408873509986911
272.8516393131061,-3.673260465486523
274.92807114203003,-3.673260465486523
274.92807114203003,-9.72197669629594
277.01039398049056,-9.72197669629594
277.01039398049056,-3.3380137187929106
279.0820445465559,-3.3380137187929106
279.0820445465559,-0.6823860448891654
281.10613344229233,-0.6823860448891654
281.10613344229233,3.2175771292505235
283.1577510490028,3.2175771292505235
283.1577510490028,-3.6399964780490524
285.2165670526396,-3.6399964780490524
285.2165670526396,4.895455016479684
287.2293986845715,4.895455016479684
287.2293986845715,6.102844640203643
289.299296960718,6.102844640203643
289.299296960718,-0.9757141983143193
291.3589718533861,-0.9757141983143193
291.3589718533861,7.811543235941021
293.4328248347341,7.811543235941021
293.4328248347341,-3.404043191957759
295.51501190600885,-3.404043191957759
295.51501190600885,3.663222109223356
297.5834515301865,3.663222109223356
297.5834515301865,2.048566909627214
299.6100682905787,2.048566909627214
299.6100682905787,5.690044220742103
301.66721499366736,5.690044220742103
301.66721499366736,-0.09105441264686429
303.69563221382066,-0.09105441264686429
303.69563221382066,4.241761733093503
305.7058459838167,4.241761733093503
305.7058459838167,-3.986931175020845
307.7709456009903,-3.986931175020845
307.7709456009903,-1.3255748398981764
309.77273439186393,-1.3255748398981764
309.77273439186393,0.8921844808460131
311.81463355253265,0.8921844808460131
311.81463355253265,2.640474604907679
313.8428314419123,2.640474604907679
313.8428314419123,7.463088706302468
315.8713431890118,7.463088706302468
315.8713431890118,5.210449923669604
317.96121496983847,5.210449923669604
317.96121496983847,-3.398764796945005
320.0038869900118,-3.398764796945005
320.0038869900118,9.245839514403093
322.08679886040795,9.245839514403093
322.08679886040795,4.211521212590393
324.1807398225308,4.211521212590393
324.1807398225308,-1.3537091441511855
326.2040154992967,-1.3537091441511855
326.2040154992967,6.944717432451169
328.2842189760955,6.944717432451169
328.2842189760955,-3.527857207979641
330.3488525414221,-3.527857207979641
330.3488525414221,3.510233649637122
332.4210684062167,3.510233649637122
332.4210684062167,4.074496647552373
334.4579720723266,4.074496647552373
334.4579720723266,1.095016185566855
336.4834880044977,1.095016185566855
336.4834880044977,1.1555160915870393
338.48559090148837,1.1555160915870393
338.48559090148837,0.08517050975264699
340.5776634554965,0.08517050975264699
340.5776634554965,-6.277940061920758
342.6675442614237,-6.277940061920758
342.6675442614237,0.44173298742471784
344.7583231940874,0.44173298742471784
344.7583231940874,-2.658130642219559
346.79571402354753,-2.658130642219559
346.79571402354753,-7.811300462740048
348.83551230921927,-7.811300462740048
348.83551230921927,6.642074010226491
350.89260072076223,6.642074010226491
350.89260072076223,-4.9505118079890185
352.9322151157093,-4.9505118079890185
352.9322151157093,-3.4356409435366757
354.9524174376648,-3.4356409435366757
354.9524174376648,2.8258796723540867
357.02352265291273,2.8258796723540867
357.02352265291273,0.12178758573419085
359.0428783135669,0.12178758573419085
359.0428783135669,-6.9989863183633085
360.0,-6.9989863183633085
# Sen5.sensor_w #2
0.0,0.0
2.0940545147224197,0.0
2.0940545147224197,-3.808999684833656
4.179338794436538,-3.808999684833656
4.179338794436538,-0.7470306447105937
6.247302437448374,-0.7470306447105937
6.247302437448374,3.9136228814283154
8.264842101596722,3.9136228814283154
8.264842101596722,-3.0634230911296143
10.36397034567527,-3.0634230911296143
10.36397034567527,4.108817316813397
12.375038425791661,4.108817316813397
12.375038425791661,-0.6040004771612318
14.449638007240804,-0.6040004771612318
14.449638007240804,4.981866490116511
16.504508810691586,4.981866490116511
16.504508810691586,1.6178738956992094
18.509529690994956,1.6178738956992094
18.509529690994956,-1.879103879696202
20.592487764504632,-1.879103879696202
20.592487764504632,2.815591086537853
22.646989816400225,2.815591086537853
22.646989816400225,3.340335233958581
24.70027560533907,3.340335233958581
24.70027560533907,-9.097013536353073
26.78292012856542,-9.097013536353073
26.78292012856542,-1.4410929947861666
28.87906476291237,-1.4410929947861666
28.87906476291237,-11.780280547128609
30.88887990459606,-11.780280547128609
30.88887990459606,5.0736913160466655
32.92260386974359,5.0736913160466655
32.92260386974359,0.7158576372864421
34.990873351789055,0.7158576372864421
34.990873351789055,6.366241864305682
37.059911422466676,6.366241864305682
37.059911422466676,7.582468737755905
39.10287024098246,7.582468737755905
39.10287024098246,-5.583243725862572
41.128647286616676,-5.583243725862572
41.128647286616676,-6.952802726823681
43.18489617010698,-6.952802726823681
43.18489617010698,5.450839948238385
45.26937296546552,5.450839948238385
45.26937296546552,-4.1011125513810125
47.336508534328075,-4.1011125513810125
47.336508534328075,-1.123410511532726
49.41575713012013,-1.123410511532726
49.41575713012013,-0.012349730868179375
51.42542972551772,-0.012349730868179375
51.42542972551772,3.4792044093912238
53.50260561418764,3.4792044093912238
53.50260561418764,1.999862448702778
55.51903222969781,1.999862448702778
55.51903222969781,0.3574180410816673
57.61084199341107,0.3574180410816673
57.61084199341107,-7.225908963375272
59.66443937970861,-7.225908963375272
59.66443937970861,-2.48995516986849
61.75207645197043,-2.48995516986849
61.75207645197043,2.4899417891812443
63.825307331631215,2.4899417891812443
63.825307331631215,-4.308229630108968
65.83924967716557,-4.308229630108968
65.83924967716557,-0.7856729546370222
67.90963453368201,-0.7856729546370222
67.90963453368201,-3.9175972524683766
69.94352164661419,-3.9175972524683766
69.94352164661419,-1.4863677090854495
72.03429421415248,-1.4863677090854495
72.03429421415248,-6.399570397016092
74.13344604152451,-6.399570397016092
74.13344604152451,3.425402473767395
76.17073698716207,3.425402473767395
76.17073698716207,-1.9252983788537241
78.2334774167459,-1.9252983788537241
78.2334774167459,1.1487429449747184
80.33214493611707,1.1487429449747184
80.33214493611707,4.964799022310156
82.40103878512846,4.964799022310156
82.40103878512846,5.35541700499061
84.46344432354763,5.35541700499061
84.46344432354763,0.09199654402084975
86.47352954585885,0.09199654402084975
86.47352954585885,7.046827005565763
88.49414818262521,7.046827005565763
88.49414818262521,0.22849983134208954
90.57124583209271,0.22849983134208954
90.57124583209271,-4.084728280785459
92.66018076867364,-4.084728280785459
92.66018076867364,2.094799336637002
94.71849195603465,2.094799336637002
94.71849195603465,4.861515084359175
96.81826966931362,4.861515084359175
96.81826966931362,-5.226264883497449
98.832997685324,-5.226264883497449
98.832997685324,-5.5107534661301685
100.9031614878489,-5.5107534661301685
100.9031614878489,16.565824001020673
102.97147040162639,16.565824001020673
102.97147040162639,-3.204377283827646
105.03180650768729,-3.204377283827646
105.03180650768729,0.29235040789660516
107.0977046548416,0.29235040789660516
107.0977046548416,0.524245325311143
109.17887907928836,0.524245325311143
109.17887907928836,2.0149778893859676
111.24948576048055,2.0149778893859676
111.24948576048055,-2.1208034954478094
113.26602859417471,-2.1208034954478094
113.26602859417471,0.5603315370723103
115.35380655991307,0.5603315370723103
115.35380655991307,5.544991996886739
117.41214732649654,5.544991996886739
117.41214732649654,5.483264648392716
119.49227832302826,5.483264648392716
119.49227832302826,8.111713225712593
121.54058103408724,8.111713225712593
121.54058103408724,-3.866122241319502
123.62899269432384,-3.866122241319502
123.62899269432384,-1.1228083836412204
125.70876570507963,-1.1228083836412204
125.70876570507963,-2.1528749757620935
127.71621220524958,-2.1528749757620935
127.71621220524958,1.9017300385886238
129.76340092385806,1.9017300385886238
129.76340092385806,8.887142171064491
131.8458951076041,8.887142171064491
131.8458951076041,-1.6101799747608845
133.88480604210324,-1.6101799747608845
133.88480604210324,-6.782066962217941
135.92824147046542,-6.782066962217941
135.92824147046542,-4.573721363201052
138.0051465010556,-4.573721363201052
138.0051465010556,9.966291617467322
140.07191235729493,9.966291617467322
140.07191235729493,-0.3088557241865483
142.16867788889817,-0.3088557241865483
142.16867788889817,5.2017122767966795
144.18007406549893,5.2017122767966795
144.18007406549893,-1.6630326311767083
146.24866197661356,-1.6630326311767083
146.24866197661356,3.3793609575844226
148.28651128507107,3.3793609575844226
148.28651128507107,-4.988164091572212
150.34166719105633,-4.988164091572212
150.34166719105633,-5.4358186990997375
152.40839379793283,-5.4358186990997375
152.40839379793283,-3.498241233991507
154.43478115476466,-3.498241233991507
154.43478115476466,2.8994611168376276
156.5162676156105,2.8994611168376276
156.5162676156105,-4.224435221623843
158.58980390281195,-4.224435221623843
158.58980390281195,2.7677969204718615
160.59492469696096,2.7677969204718615
160.59492469696096,8.854865583301166
162.68233955346525,8.854865583301166
162.68233955346525,-7.166988567537082
164.77838520401093,-7.166988567537082
164.77838520401093,-2.0316767095236425
166.80089526621552,-2.0316767095236425
166.80089526621552,-5.50015160633357
168.83117277872543,-5.50015160633357
168.83117277872543,4.2071313652294675
170.89776408566618,4.2071313652294675
170.89776408566618,5.139094404315739
172.90526052973215,5.139094404315739
172.90526052973215,2.4661565879085185
174.9760811972353,2.4661565879085185
174.9760811972353,-0.5651391709686093
177.05686329071088,-0.5651391709686093
177.05686329071088,-4.65722764889459
179.10469663360752,-4.65722764889459
179.10469663360752,5.73978972665212
181.19216353499456,5.73978972665212
181.19216353499456,-10.199623643199114
183.25590071344865,-10.199623643199114
183.25590071344865,-2.217091096900865
185.33983281502793,-2.217091096900865
185.33983281502793,-0.17406269465813692
187.36245182353355,-0.17406269465813692
187.36245182353355,5.557193706101087
189.42316852698005,5.557193706101087
189.42316852698005,-3.230157847655226
191.51501043156046,-3.230157847655226
191.51501043156046,-4.374827270344416
193.56211673215745,-4.374827270344416
193.56211673215745,0.511892567265395
195.66038692251425,0.511892567265395
195.66038692251425,-2.3899538840462586
197.75274039740142,-2.3899538840462586
197.75274039740142,7.330807723328704
199.82136987884707,7.330807723328704
199.82136987884707,5.098545201989458
201.83209452407135,5.098545201989458
201.83209452407135,-4.182906171873793
203.90289468929953,-4.182906171873793
203.90289468929953,1.3785446331555964
205.91364656029577,1.3785446331555964
205.91364656029577,-6.620245440353121
208.00170309207883,-6.620245440353121
208.00170309207883,-0.9858958903699635
210.0415567596397,-0.9858958903699635
210.0415567596397,-5.549536120971588
212.11835602718324,-5.549536120971588
212.11835602718324,-1.3796398332159283
214.19590664276294,-1.3796398332159283
214.19590664276294,2.8793083404579045
216.20256034322912,2.8793083404579045
216.20256034322912,0.19052526683601084
218.28298382578305,0.19052526683601084
218.28298382578305,-5.44778102158809
220.32150970884643,-5.44778102158809
220.32150970884643,-1.9738291493200149
222.32379831461168,-1.9738291493200149
222.32379831461168,3.4723880028302645
224.33566458715518,3.4723880028302645
224.33566458715518,-3.285562159721625
226.39555422027968,-3.285562159721625
226.39555422027968,2.7003955176541505
228.46596325054315,2.7003955176541505
228.46596325054315,7.543837812047332
230.5342354453449,7.543837812047332
230.5342354453449,2.2827789079178538
232.53604731869885,2.2827789079178538
232.53604731869885,-5.526535365387991
234.63507343869207,-5.526535365387991
234.63507343869207,2.58531563491154
236.67998292416803,2.58531563491154
236.67998292416803,1.2844185260997154
238.68238696536042,1.2844185260997154
238.68238696536042,1.6447242334443082
240.75980841378114,1.6447242334443082
240.75980841378114,-5.274692347521768
242.79330704352242,-5.274692347521768
242.79330704352242,-2.277156082523065
244.81799930844335,-2.277156082523065
244.81799930844335,0.6850015116048189
246.846985970534,0.6850015116048189
246.846985970534,-5.073467310662341
248.88820999674823,-5.073467310662341
248.88820999674823,0.786456938989027
250.91632853367216,0.786456938989027
250.91632853367216,9.844702209727085
252.92145797501317,9.844702209727085
252.92145797501317,0.1685114973551124
254.9486113975336,0.1685114973551124
254.9486113975336,3.163878337977233
257.0312812717106,3.163878337977233
257.0312812717106,0.2953215627019968
259.07156606008675,0.2953215627019968
259.07156606008675,1.3617661227932667
261.0885375603749,1.3617661227932667
261.0885375603749,1.456572736582258
263.1245561784319,1.456572736582258
263.1245561784319,-7.08061631094216
265.2140981343961,-7.08061631094216
265.2140981343961,-3.6829755620570888
267.2698387900292,-3.6829755620570888
267.2698387900292,-0.1244056849951568
269.3537611614613,-0.1244056849951568
269.3537611614613,-2.956412633723894
271.4235108147273,-2.956412633723894
271.4235108147273,-11.165784420562284
273.44294675727326,-11.165784420562284
273.44294675727326,2.4776572416399674
275.54180111691755,2.4776572416399674
275.54180111691755,-0.5656327025024529
277.6205527393856,-0.5656327025024529
277.6205527393856,-2.347907295995993
279.6270397973493,-2.347907295995993
279.6270397973493,2.671038147719498
281.6681904199038,2.671038147719498
281.6681904199038,14.597769543573172
283.7434428682991,14.597769543573172
283.7434428682991,2.9660936540068334
285.80150135530425,2.9660936540068334
285.80150135530425,-3.0046863864310787
287.84661689560403,-3.0046863864310787
287.84661689560403,7.970608436821458
289.9424355682879,7.970608436821458
289.9424355682879,4.79740300358508
292.03778866823853,4.79740300358508
292.03778866823853,4.039589233102729
294.12157330034694,4.039589233102729
294.12157330034694,-2.3903877051907125
296.19734514446236,-2.3903877051907125
296.19734514446236,-4.519674604826288
298.22716373789626,-4.519674604826288
298.22716373789626,1.999229347388452
300.3056512299467,1.999229347388452
300.3056512299467,-2.4258966366831416
302.3179169013875,-2.4258966366831416
302.3179169013875,-4.177770725187044
304.3537010276939,-4.177770725187044
304.3537010276939,-3.798963525074492
306.42203472151243,-3.798963525074492
306.42203472151243,0.6119344828924758
308.4761472816519,0.6119344828924758
308.4761472816519,-0.14797597796436862
310.48664374197267,-0.14797597796436862
310.48664374197267,-2.70441311912087
312.5353823487755,-2.70441311912087
312.5353823487755,7.211593252961044
314.54495469970817,7.211593252961044
314.54495469970817,0.16241104590247651
316.63743370837756,0.16241104590247651
316.63743370837756,-4.1468953725507145
318.6634389081391,-4.1468953725507145
318.6634389081391,0.1175443908797642
320.6832770616638,0.1175443908797642
320.6832770616638,3.563777873188952
322.75487352273393,3.563777873188952
322.75487352273393,3.064585484159878
324.8321201999431,3.064585484159878
324.8321201999431,1.818797372319155
326.89244292376515,1.818797372319155
326.89244292376515,-7.72431814932035
328.9290458787045,-7.72431814932035
328.9290458787045,-0.4618922033178864
331.0079502328535,-0.4618922033178864
331.0079502328535,-1.022967250893539
333.03862559353075,-1.022967250893539
333.03862559353075,3.2854271617097384
335.0689242394885,3.2854271617097384
335.0689242394885,0.014262284255244291
337.1399583396078,0.014262284255244291
337.1399583396078,-5.15497680987864
339.19735610457315,-5.15497680987864
339.19735610457315,3.2413563344770466
341.2901197704001,3.2413563344770466
341.2901197704001,-11.379975600696975
343.33362746866624,-11.379975600696975
343.33362746866624,-1.4298138941960934
345.4047803767817,-1.4298138941960934
345.4047803767817,-7.75044396524478
347.4235252645429,-7.75044396524478
347.4235252645429,-3.296340715669312
349.49616991904173,-3.296340715669312
349.49616991904173,4.492152763189435
351.57907626852557,4.492152763189435
351.57907626852557,3.972048525330632
353.58104108069296,3.972048525330632
353.58104108069296,4.210073391867132
355.64255512915764,4.210073391867132
355.64255512915764,0.6598745132145591
357.7246471563845,0.6598745132145591
357.7246471563845,6.293551321840136
359.8053420014243,6.293551321840136
359.8053420014243,6.150486230021497
360.0,6.150486230021497
# Sen5.sensor_w #3
0.0,0.0
2.045722345403058,0.0
2.045722345403058,10.475137717035722
4.112809406754929,10.475137717035722
4.112809406754929,2.905514077855046
6.14078807177085,2.905514077855046
6.14078807177085,5.290824137579565
8.182400807054199,5.290824137579565
8.182400807054199,6.819164517798166
10.257094708262422,6.819164517798166
10.257094708262422,-0.19566934929139745
12.271922558211191,-0.19566934929139745
12.271922558211191,4.1810237501332255
14.285831586402304,4.1810237501332255
14.285831586402304,-3.2677974117942195
16.32892425900139,-3.2677974117942195
16.32892425900139,-8.122117999883312
18.426754388852494,-8.122117999883312
18.426754388852494,7.3431716873136175
20.50294920869314,7.3431716873136175
20.50294920869314,-0.32898330350444605
22.503461115571255,-0.32898330350444605
22.503461115571255,-6.506821743590763
24.57436867380475,-6.506821743590763
24.57436867380475,5.1721474139189265
26.657453062190434,5.1721474139189265
26.657453062190434,-0.4134729225793585
28.731941993945064,-0.4134729225793585
28.731941993945064,-0.21903701429636985
30.819899752999223,-0.21903701429636985
30.819899752999223,0.38359191932786507
32.896292021533704,0.38359191932786507
32.896292021533704,6.4017322424895715
34.940906726722176,6.4017322424895715
34.940906726722176,-2.5627675651784667
36.96965150443331,-2.5627675651784667
36.96965150443331,0.8921958332968254
39.031060614314406,0.8921958332968254
39.031060614314406,-3.6138505045496756
41.07080478858757,-3.6138505045496756
41.07080478858757,-9.269873481794958
43.123082196126674,-9.269873481794958
43.123082196126674,2.625834237972944
45.160361437359384,2.625834237972944
45.160361437359384,-3.149620306623567
47.19038950521456,-3.149620306623567
47.19038950521456,-2.9270287657621368
49.290023170780394,-2.9270287657621368
49.290023170780394,-0.7994865372240562
51.344082090580386,-0.7994865372240562
51.344082090580386,-7.011064428641923
53.36755164253576,-7.011064428641923
53.36755164253576,2.693983903521694
55.46419132072331,2.693983903521694
55.46419132072331,-13.134186810727044
57.5029764320787,-13.134186810727044
57.5029764320787,-0.27432994057478904
59.53446710620924,-0.27432994057478904
59.53446710620924,3.2517582755362535
61.550042776543776,3.2517582755362535
61.550042776543776,0.25969253840715145
63.574457601424456,0.25969253840715145
63.574457601424456,-3.3407803563005407
65.66873371579327,-3.3407803563005407
65.66873371579327,1.6552119881725114
67.72159068016391,1.6552119881725114
67.72159068016391,-0.38280649407984535
69.81423204935095,-0.38280649407984535
69.81423204935095,5.531911102662743
71.83197674423384,5.531911102662743
71.83197674423384,-7.744631429564867
73.88564333359629,-7.744631429564867
73.88564333359629,-0.15000326545844828
75.89033198713234,-0.15000326545844828
75.89033198713234,-4.7989193089014845
77.911281136264,-4.7989193089014845
77.911281136264,5.885694481774518
79.9712486087095,5.885694481774518
79.9712486087095,0.4943155399897864
82.0243614681766,0.4943155399897864
82.0243614681766,5.700701996991972
84.07354354160917,5.700701996991972
84.07354354160917,-1.3441943976483914
86.17168617861113,-1.3441943976483914
86.17168617861113,0.36454505145847904
88.2321219106388,0.36454505145847904
88.2321219106388,-3.6426846115772102
90.24446942533325,-3.6426846115772102
90.24446942533325,-5.757272626175801
92.33109427599076,-5.757272626175801
92.33109427599076,4.331723791201726
94.40479488802629,4.331723791201726
94.40479488802629,-8.778864460767963
96.46606968984399,-8.778864460767963
96.46606968984399,0.434802234266659
98.54392014875458,0.434802234266659
98.54392014875458,-0.11815082835759264
100.63154416075028,-0.11815082835759264
100.63154416075028,0.7012187071602982
102.68995300439893,0.7012187071602982
102.68995300439893,-5.677026207679848
104.78427539302824,-5.677026207679848
104.78427539302824,0.8775580090169809
106.85736284469228,0.8775580090169809
106.85736284469228,1.967978889842179
108.9049532817651,1.967978889842179
108.9049532817651,3.7728898502063575
110.9265349482858,3.7728898502063575
110.9265349482858,-1.0452638776364376
113.0023690841461,-1.0452638776364376
113.0023690841461,-1.6099185973144259
115.0791254434413,-1.6099185973144259
115.0791254434413,-8.379674521394932
117.17349917637127,-8.379674521394932
117.17349917637127,-5.836472097182314
119.23385397926982,-5.836472097182314
119.23385397926982,-2.3242499305276922
121.32054842097844,-2.3242499305276922
121.32054842097844,-1.7170154862088216
123.33458995916564,-1.7170154862088216
123.33458995916564,-1.6366104378354693
125.35012561254808,-1.6366104378354693
125.35012561254808,-4.64849762736455
127.42731646270288,-4.64849762736455
127.42731646270288,-4.397900862453547
129.45112878555685,-4.397900862453547
129.45112878555685,-12.186876265225553
131.49237425208952,-12.186876265225553
131.49237425208952,-1.204114633927119
133.52164703233746,-1.204114633927119
133.52164703233746,-0.7549994274706857
135.5849641998302,-0.7549994274706857
135.5849641998302,-5.297127668385649
137.67052077421505,-5.297127668385649
137.67052077421505,4.786521418346748
139.73262881109042,4.786521418346748
139.73262881109042,-8.402649911198694
141.8063218704286,-8.402649911198694
141.8063218704286,-3.9340193018779117
143.83539147343018,-3.9340193018779117
143.83539147343018,4.716996785941671
145.84116924750606,4.716996785941671
145.84116924750606,-0.3873204104611996
147.89584882233663,-0.3873204104611996
147.89584882233663,-3.800454481973474
149.9941238789171,-3.800454481973474
149.9941238789171,3.8650946073525057
152.03154383127898,3.8650946073525057
152.03154383127898,-7.8399676980496755
154.05356653731627,-7.8399676980496755
154.05356653731627,2.9994238200224395
156.0953332378529,2.9994238200224395
156.0953332378529,-1.6667138872983815
158.15719035768404,-1.6667138872983815
158.15719035768404,-4.566880243661091
160.20395325580589,-4.566880243661091
160.20395325580589,-1.2399104950654634
162.22664199261894,-1.2399104950654634
162.22664199261894,1.474032289278002
164.24899931382345,1.474032289278002
164.24899931382345,4.099616647468616
166.33850863950198,4.099616647468616
166.33850863950198,-0.011643796199732907
168.41292793247035,-0.011643796199732907
168.41292793247035,-3.812023771741544
170.4780180416686,-3.812023771741544
170.4780180416686,-3.396934488232115
172.51043436780205,-3.396934488232115
172.51043436780205,-1.3446526349493073
174.59645030363387,-1.3446526349493073
174.59645030363387,-3.2730081163350406
176.6345205596174,-3.2730081163350406
176.6345205596174,4.916352306655465
178.63659530107304,4.916352306655465
178.63659530107304,-6.983521808580344
180.7170761173264,-6.983521808580344
180.7170761173264,7.367871169689645
182.73603064075326,7.367871169689645
182.73603064075326,4.970751740829344
184.8075175127638,4.970751740829344
184.8075175127638,5.885548151866216
186.85453545932364,5.885548151866216
186.85453545932364,2.361437229457582
188.87440479792815,2.361437229457582
188.87440479792815,1.6602481153143647
190.8861831664961,1.6602481153143647
190.8861831664961,-5.328074404206666
192.97622004108806,-5.328074404206666
192.97622004108806,-2.91051682326009
195.07216519114752,-2.91051682326009
195.07216519114752,2.4718928450319657
197.08984399544724,2.4718928450319657
197.08984399544724,5.0766625792164275
199.18535977035685,5.0766625792164275
199.18535977035685,3.265776070347503
201.20005393081257,3.265776070347503
201.20005393081257,7.223530141526364
203.22957526973352,7.223530141526364
203.22957526973352,4.253264146997095
205.2354257347005,4.253264146997095
205.2354257347005,2.5749800124069533
207.2610966328939,2.5749800124069533
207.2610966328939,0.30504854433785233
209.34905809999321,0.30504854433785233
209.34905809999321,-7.4663980505636465
211.40862283263994,-7.4663980505636465
211.40862283263994,-1.0715231913660679
213.45666463165242,-1.0715231913660679
213.45666463165242,-5.696336536449589
215.49213926847713,-5.696336536449589
215.49213926847713,-3.6407780297515853
217.51540619770705,-3.6407780297515853
217.51540619770705,4.976084211327904
219.56135054170315,4.976084211327904
219.56135054170315,-1.6846860365736225
221.61286688949284,-1.6846860365736225
221.61286688949284,-8.265956913065434
223.68142126262475,-8.265956913065434
223.68142126262475,0.8693956952066852
225.7768135200408,0.8693956952066852
225.7768135200408,8.526031188913683
227.81224975352305,8.526031188913683
227.81224975352305,4.750584714409768
229.9040641832764,4.750584714409768
229.9040641832764,-0.6641414952908782
232.00209164172546,-0.6641414952908782
232.00209164172546,-0.773759569716813
234.03843843895135,-0.773759569716813
234.03843843895135,10.505645933411628
236.0596116681129,10.505645933411628
236.0596116681129,-6.896404165744739
238.11297226271233,-6.896404165744739
238.11297226271233,-3.7684784078886047
240.18988443084626,-3.7684784078886047
240.18988443084626,-4.189992898914873
242.19743519117654,-4.189992898914873
242.19743519117654,-0.06956952070170266
244.21626102870383,-0.06956952070170266
244.21626102870383,-3.0178208571955722
246.285724635906,-3.0178208571955722
246.285724635906,-5.737646756662579
248.3175042357476,-5.737646756662579
248.3175042357476,-1.847692877915604
250.38747920685412,-1.847692877915604
250.38747920685412,-1.4900282614970637
252.43598600729024,-1.4900282614970637
252.43598600729024,1.0042371047093448
254.4526779723484,1.0042371047093448
254.4526779723484,1.0319954483797102
256.53790677347916,1.0319954483797102
256.53790677347916,9.95787912477404
258.60127632463525,9.95787912477404
258.60127632463525,-2.655180680985634
260.6542704220557,-2.655180680985634
260.6542704220557,-2.6688480107984054
262.7198114853517,-2.6688480107984054
262.7198114853517,-3.440465740029537
264.73337969460346,-3.440465740029537
264.73337969460346,0.5464658150104827
266.81284567121963,0.5464658150104827
266.81284567121963,-1.9577046590348193
268.890153550167,-1.9577046590348193
268.890153550167,-3.523013666830571
270.9281865170429,-3.523013666830571
270.9281865170429,-2.167556025723487
272.9521105271439,-2.167556025723487
272.9521105271439,-4.408812925594433
274.9929632017301,-4.408812925594433
274.9929632017301,0.6388868101749522
276.9989615154369,0.6388868101749522
276.9989615154369,1.3223682238812375
279.0485627903524,1.3223682238812375
279.0485627903524,-0.8942491841222686
281.08970403092604,-0.8942491841222686
281.08970403092604,1.0245185917625574
283.15313611115516,1.0245185917625574
283.15313611115516,-2.9992860986657144
285.24563869867507,-2.9992860986657144
285.24563869867507,-5.186473964538783
287.28668228884766,-5.186473964538783
287.28668228884766,-5.004556395613414
289.36399350393003,-5.004556395613414
289.36399350393003,2.043577764964154
291.36913950493044,2.043577764964154
291.36913950493044,6.655464444596511
293.46785445826754,6.655464444596511
293.46785445826754,-0.17687071287217807
295.5109165974307,-0.17687071287217807
295.5109165974307,-0.20507595265622636
297.59864543401744,-0.20507595265622636
297.59864543401744,-1.600212948004297
299.6255401079558,-1.600212948004297
299.6255401079558,1.0999045372109997
301.70128408900155,1.0999045372109997
301.70128408900155,5.347017589995891
303.74076493919557,5.347017589995891
303.74076493919557,-9.915789190890862
305.74747096390234,-9.915789190890862
305.74747096390234,-4.797276996238366
307.8357964180032,-4.797276996238366
307.8357964180032,4.183181603944242
309.83756551824956,4.183181603944242
309.83756551824956,3.7921404383240698
311.8508691364761,3.7921404383240698
311.8508691364761,-9.500707844145523
313.9460005725382,-9.500707844145523
313.9460005725382,-0.7190765869677674
315.9483700581478,-0.7190765869677674
315.9483700581478,0.8500715392652146
317.95578726037695,0.8500715392652146
317.95578726037695,6.788271989078284
319.9894350617613,6.788271989078284
319.9894350617613,8.579327779517902
322.01136550220707,8.579327779517902
322.01136550220707,-4.6379704627741
324.0881727316703,-4.6379704627741
324.0881727316703,0.6100916264982377
326.11688083045294,0.6100916264982377
326.11688083045294,7.130876878971302
328.15907914870905,7.130876878971302
328.15907914870905,-8.167407504619712
330.20822071045404,-8.167407504619712
330.20822071045404,9.377404144977032
332.2899053073292,9.377404144977032
332.2899053073292,7.730006108639362
334.2900107521372,7.730006108639362
334.2900107521372,-2.4817232524961184
336.31942236417734,-2.4817232524961184
336.31942236417734,-1.968658759946339
338.32668079865505,-1.968658759946339
338.32668079865505,5.305850430927503
340.3340056098663,5.305850430927503
340.3340056098663,-1.2193977514932866
342.38766457971496,-1.2193977514932866
342.38766457971496,1.4298811275254666
344.4419496910267,1.4298811275254666
344.4419496910267,-0.3604390354806886
346.46054920343187,-0.3604390354806886
346.46054920343187,-7.243244354080711
348.4714532829577,-7.243244354080711
348.4714532829577,-0.2942191650211249
350.54463858163575,-0.2942191650211249
350.54463858163575,0.7088613690319372
352.62537564786214,0.7088613690319372
352.62537564786214,0.910609893472198
354.7106204151943,0.910609893472198
354.7106204151943,-7.169337254766374
356.75597944198563,-7.169337254766374
356.75597944198563,-2.592126253651163
358.7884196105596,-2.592126253651163
358.7884196105596,8.586400608775577
360.0,8.586400608775577
# Sen5.sensor_w #4
0.0,0.0
2.00618100669235,0.0
2.00618100669235,6.4221713229271185
4.02161862042267,6.4221713229271185
4.02161862042267,-4.364595944643516
6.030165783828118,-4.364595944643516
6.030165783828118,-9.710990999773838
8.104179269308212,-9.710990999773838
8.104179269308212,3.9233049036080936
10.184523109268682,3.9233049036080936
10.184523109268682,-1.3424865086807902
12.260545019085061,-1.3424865086807902
12.260545019085061,-0.3303392901424672
14.324112188025843,-0.3303392901424672
14.324112188025843,0.9889871256841494
16.36162111989828,0.9889871256841494
16.36162111989828,1.348257246646478
18.36751604925518,1.348257246646478
18.36751604925518,0.6432397308269656
20.456219052957994,0.6432397308269656
20.456219052957994,0.17788489757256642
22.54669760783204,0.17788489757256642
22.54669760783204,0.5165739123720161
24.62203092731295,0.5165739123720161
24.62203092731295,-2.4684972935251044
26.639769283893934,-2.4684972935251044
26.639769283893934,2.4743861885452056
28.732363195715607,2.4743861885452056
28.732363195715607,3.950299587169075
30.76458359956571,3.950299587169075
30.76458359956571,-3.0143191350357332
32.85509046968308,-3.0143191350357332
32.85509046968308,2.757762678977252
34.885502888823446,2.757762678977252
34.885502888823446,-2.361050142650321
36.96379896613129,-2.361050142650321
36.96379896613129,-7.311215635399407
39.037076479783394,-7.311215635399407
39.037076479783394,-1.5181195607606726
41.10329556225813,-1.5181195607606726
41.10329556225813,2.4289604523342025
43.12322392117249,2.4289604523342025
43.12322392117249,-2.338741638167983
45.140639612738866,-2.338741638167983
45.140639612738866,-0.8350308337397893
47.15298917345601,-0.8350308337397893
47.15298917345601,-5.596988317634556
49.19694107036007,-5.596988317634556
49.19694107036007,-3.1294155365207432
51.214429761663965,-3.1294155365207432
51.214429761663965,-6.668023841284626
53.30132319139298,-6.668023841284626
53.30132319139298,5.2912533428457635
55.394131135154005,5.2912533428457635
55.394131135154005,10.065992056336079
57.48203675106329,10.065992056336079
57.48203675106329,4.652314029637527
59.51673705798738,4.652314029637527
59.51673705798738,1.5994651793980266
61.526732080100835,1.5994651793980266
61.526732080100835,-7.465269640776269
63.560761616702024,-7.465269640776269
63.560761616702024,2.832468778115769
65.56629313795989,2.832468778115769
65.56629313795989,3.882742648760905
67.56834636774997,3.882742648760905
67.56834636774997,3.6958766351847734
69.60592398687407,3.6958766351847734
69.60592398687407,6.697147936862343
71.67129329659177,6.697147936862343
71.67129329659177,2.2517309323923635
73.76886655055385,2.2517309323923635
73.76886655055385,-3.663825363213287
75.81754146442205,-3.663825363213287
75.81754146442205,3.1542403414411107
77.85815200037698,3.1542403414411107
77.85815200037698,-9.232654107896643
79.89449291406564,-9.232654107896643
79.89449291406564,0.5137208193177356
81.95802703146552,0.5137208193177356
81.95802703146552,-3.2041322144237623
83.98309606302715,-3.2041322144237623
83.98309606302715,-7.715370988162666
86.02991399847136,-7.715370988162666
86.02991399847136,-3.5712865864409276
88.12894732191204,-3.5712865864409276
88.12894732191204,1.423866023204912
90.15039406731225,1.423866023204912
90.15039406731225,-5.537624999376659
92.23346351511798,-5.537624999376659
92.23346351511798,-0.5948990289154275
94.33073544690033,-0.5948990289154275
94.33073544690033,2.020203261742803
96.35721292920945,2.020203261742803
96.35721292920945,-5.172148117538117
98.41079323346862,-5.172148117538117
98.41079323346862,9.577587955060078
100.4604159546237,9.577587955060078
100.4604159546237,-8.894858831903903
102.55925685364313,-8.894858831903903
102.55925685364313,-4.919195093197608
104.65560001897157,-4.919195093197608
104.65560001897157,2.5137369438869865
106.73292292517235,2.5137369438869865
106.73292292517235,-4.658926817598289
108.77692650402976,-4.658926817598289
108.77692650402976,1.6295200543976502
110.82426110229059,1.6295200543976502
110.82426110229059,6.232745004841048
112.88889059904051,6.232745004841048
112.88889059904051,-8.232330708835704
114.96752718859362,-8.232330708835704
114.96752718859362,-6.982884585328528
117.02791200293181,-6.982884585328528
117.02791200293181,3.676434415433431
119.02880041132624,3.676434415433431
119.02880041132624,-8.482082843724102
121.09525891788505,-8.482082843724102
121.09525891788505,4.5843911335168315
123.17797410354676,4.5843911335168315
123.17797410354676,-1.5183311364294827
125.17806375421765,-1.5183311364294827
125.17806375421765,-3.856441566904019
127.23422490208131,-3.856441566904019
127.23422490208131,1.332668739363438
129.2730927831837,1.332668739363438
129.2730927831837,5.729973965343368
131.27669304759118,5.729973965343368
131.27669304759118,0.3740477316375582
133.33701813424338,0.3740477316375582
133.33701813424338,-3.888456982820122
135.397489053311,-3.888456982820122
135.397489053311,1.4380684890883293
137.399274469141,1.4380684890883293
137.399274469141,-1.4749214483549347
139.47931490924495,-1.4749214483549347
139.47931490924495,9.482551941719326
141.53495849605213,9.482551941719326
141.53495849605213,10.57542679675882
143.5702686221248,10.57542679675882
143.5702686221248,-9.640475702153699
145.64180796667011,-9.640475702153699
145.64180796667011,-0.008979707443702639
147.6774864758829,-0.008979707443702639
147.6774864758829,6.737467669217869
149.74540680230905,6.737467669217869
149.74540680230905,-5.244136287376367
151.80349581275723,-5.244136287376367
151.80349581275723,-8.677289382405801
153.85037495141034,-8.677289382405801
153.85037495141034,-2.6620584800354012
155.9137502544481,-2.6620584800354012
155.9137502544481,2.0355480081956063
157.99821630268494,2.0355480081956063
157.99821630268494,-0.02506961962282113
160.02527898758774,-0.02506961962282113
160.02527898758774,1.5945133281787196
162.08954978582503,1.5945133281787196
162.08954978582503,-4.027621694505728
164.16463929391045,-4.027621694505728
164.16463929391045,5.3101406967221445
166.16855471203604,5.3101406967221445
166.16855471203604,-3.700973522001973
168.20989731934918,-3.700973522001973
168.20989731934918,0.8114752245177425
170.30814001523265,0.8114752245177425
170.30814001523265,1.332701926151818
172.34787921752144,1.332701926151818
172.34787921752144,-4.175397007711494
174.44092272192444,-4.175397007711494
174.44092272192444,0.6167253256841791
176.53931955249706,0.6167253256841791
176.53931955249706,-7.89977412865594
178.60360593022028,-7.89977412865594
178.60360593022028,4.030819010418981
180.70241031213868,4.030819010418981
180.70241031213868,1.140391389656536
182.77869267519563,1.140391389656536
182.77869267519563,-0.8274693727816096
184.8461637190934,-0.8274693727816096
184.8461637190934,-2.1341586566946527
186.85226933659695,-2.1341586566946527
186.85226933659695,-0.6145600069121405
188.86134277800264,-0.6145600069121405
188.86134277800264,-3.995392858065835
190.86150219150974,-3.995392858065835
190.86150219150974,2.4363741080528802
192.94047891319872,2.4363741080528802
192.94047891319872,-10.793943334604633
194.96864321335818,-10.793943334604633
194.96864321335818,-6.940145506943743
197.06637428612007,-6.940145506943743
197.06637428612007,-5.07712138541444
199.10259330707618,-5.07712138541444
199.10259330707618,-7.468268175383979
201.1384705501795,-7.468268175383979
201.1384705501795,-2.4197895498967426
203.22919533200331,-2.4197895498967426
203.22919533200331,3.7713951968559827
205.24886362849495,3.7713951968559827
205.24886362849495,-0.7108510451911566
207.2807326828354,-0.7108510451911566
207.2807326828354,7.1862171057082245
209.34556716624016,7.1862171057082245
209.34556716624016,4.900869136786474
211.44305513969746,4.900869136786474
211.44305513969746,0.42148197864102127
213.50531521929074,0.42148197864102127
213.50531521929074,-11.530669205996055
215.55977490514618,-11.530669205996055
215.55977490514618,1.243539608713037
217.58112111029305,1.243539608713037
217.58112111029305,-0.6183311639376068
219.67301753052388,-0.6183311639376068
219.67301753052388,1.4611044730872549
221.71758518582288,1.4611044730872549
221.71758518582288,-7.231893181839331
223.75451701565214,-7.231893181839331
223.75451701565214,-3.626967684933577
225.80170286223313,-3.626967684933577
225.80170286223313,4.410695769243148
227.8217903594953,4.410695769243148
227.8217903594953,2.4655704400188045
229.9072610342946,2.4655704400188045
229.9072610342946,0.88933790235396
231.9108829094167,0.88933790235396
231.9108829094167,-2.323500949943938
233.99836592521714,-2.323500949943938
233.99836592521714,2.560318941955013
236.06094045243148,2.560318941955013
236.06094045243148,13.657393823259909
238.08128588853782,13.657393823259909
238.08128588853782,-4.436414531335461
240.16661410811895,-4.436414531335461
240.16661410811895,9.402035922134388
242.17483589929125,9.402035922134388
242.17483589929125,0.1014710857298689
244.2464259026401,0.1014710857298689
244.2464259026401,-2.239882391190528
246.26825637481718,-2.239882391190528
246.26825637481718,-7.422842481016167
248.30857236496706,-7.422842481016167
248.30857236496706,-0.1976665236750093
250.31025132527165,-0.1976665236750093
250.31025132527165,2.7825579816963835
252.34025275916716,2.7825579816963835
252.34025275916716,0.4189478562318486
254.3892497909969,0.4189478562318486
254.3892497909969,7.95009521377532
256.4159770545099,7.95009521377532
256.4159770545099,2.6028708379080268
258.47468508170874,2.6028708379080268
258.47468508170874,5.116935653315662
260.52907664781435,5.116935653315662
260.52907664781435,-3.5020472523578445
262.6230164406824,-3.5020472523578445
262.6230164406824,-6.791164909543736
264.68028395746444,-6.791164909543736
264.68028395746444,4.727200451730874
266.75898567068,4.727200451730874
266.75898567068,-2.9291453137057157
268.8392842295341,-2.9291453137057157
268.8392842295341,-4.5260650249025565
270.89104022333953,-4.5260650249025565
270.89104022333953,4.7348020625279625
272.9548195774666,4.7348020625279625
272.9548195774666,-2.5766280996273
275.04229005076314,-2.5766280996273
275.04229005076314,4.036065450376695
277.13856731749036,4.036065450376695
277.13856731749036,2.1262077730401856
279.22722007996686,2.1262077730401856
279.22722007996686,-6.102841160317346
281.29826218603023,-6.102841160317346
281.29826218603023,-2.518024340056954
283.3444550444221,-2.518024340056954
283.3444550444221,4.838339044058645
285.3468842970293,4.838339044058645
285.3468842970293,5.1929212708165
287.4460548936415,5.1929212708165
287.4460548936415,-6.626859370155495
289.4480249244982,-6.626859370155495
289.4480249244982,0.4564103192626694
291.47566182534547,0.4564103192626694
291.47566182534547,-4.048109240508978
293.50052430466684,-4.048109240508978
293.50052430466684,-4.162046042799783
295.54671249561505,-4.162046042799783
295.54671249561505,3.540429142636226
297.55230752296484,3.540429142636226
297.55230752296484,-1.3916073734943446
299.65205372865614,-1.3916073734943446
299.65205372865614,3.817109861057636
301.7187204823648,3.817109861057636
301.7187204823648,11.072244116770971
303.77310224127115,11.072244116770971
303.77310224127115,-5.97934388586367
305.8317092814367,-5.97934388586367
305.8317092814367,3.827874794430877
307.8360434600972,3.827874794430877
307.8360434600972,-5.559693387081088
309.91738141722334,-5.559693387081088
309.91738141722334,4.777541514826394
311.9249083145601,4.777541514826394
311.9249083145601,-9.192510017532667
313.9791684920518,-9.192510017532667
313.9791684920518,-3.8243709310912912
316.047374106568,-3.8243709310912912
316.047374106568,4.49242518699288
318.0756885397466,4.49242518699288
318.0756885397466,2.6295070385102792
320.1051070219593,2.6295070385102792
320.1051070219593,2.2428542374551435
322.14804697435966,2.2428542374551435
322.14804697435966,-7.67932790250001
324.15449555938795,-7.67932790250001
324.15449555938795,2.5791043728529086
326.1704601424535,2.5791043728529086
326.1704601424535,-3.439370084497029
328.2173911758957,-3.439370084497029
328.2173911758957,2.306218316353525
330.31228671965476,2.306218316353525
330.31228671965476,-1.8068061090204544
332.35361804416243,-1.8068061090204544
332.35361804416243,2.4162608820169345
334.4461412703735,2.4162608820169345
334.4461412703735,6.958716173385692
336.522499103692,6.958716173385692
336.522499103692,1.2935464604095022
338.58567192697996,1.2935464604095022
338.58567192697996,1.320978333529298
340.6458233191785,1.320978333529298
340.6458233191785,12.4075810570758
342.67472593390926,12.4075810570758
342.67472593390926,6.708887671827037
344.6850379884488,6.708887671827037
344.6850379884488,-4.050831712940171
346.7384554743553,-4.050831712940171
346.7384554743553,10.767303774382004
348.8077951832697,10.767303774382004
348.8077951832697,-1.6417593833215705
350.87183296383836,-1.6417593833215705
350.87183296383836,4.535880683740895
352.9019620595412,4.535880683740895
352.9019620595412,-0.03074835496928476
354.9886820127173,-0.03074835496928476
354.9886820127173,4.249461087079799
357.0770730983065,4.249461087079799
357.0770730983065,-3.06476205390465
359.1100104275927,-3.06476205390465
359.1100104275927,5.663489244395537
360.0,5.663489244395537
# Sen5.sensor_w #5
0.0,0.0
2.013425575592555,0.0
2.013425575592555,-7.788727922450632
4.057573181809858,-7.788727922450632
4.057573181809858,4.155277298470218
6.075552166847936,4.155277298470218
6.075552166847936,3.352390762579393
8.090563380334945,3.352390762579393
8.090563380334945,12.459931521155257
10.143797983101981,12.459931521155257
10.143797983101981,-7.268663966013763
12.153087179608118,-7.268663966013763
12.153087179608118,0.52953501525124
14.17053201036847,0.52953501525124
14.17053201036847,-3.247282618284194
16.249982515064623,-3.247282618284194
16.249982515064623,11.562976398559284
18.305489068193012,11.562976398559284
18.305489068193012,-0.23061810726389814
20.39246231865225,-0.23061810726389814
20.39246231865225,6.1610283299901605
22.426076968485454,6.1610283299901605
22.426076968485454,8.099745771755359
24.427114985935376,8.099745771755359
24.427114985935376,0.4984776231959223
26.501249354217066,0.4984776231959223
26.501249354217066,-2.1812346088641643
28.55135307192962,-2.1812346088641643
28.55135307192962,-2.921625964008622
30.582150837519894,-2.921625964008622
30.582150837519894,-3.1226195758945985
32.65105032598572,-3.1226195758945985
32.65105032598572,0.7298191363566382
34.70793122906679,0.7298191363566382
34.70793122906679,-4.131933142558135
36.791938137111,-4.131933142558135
36.791938137111,-0.42138505612763305
38.82358365969838,-0.42138505612763305
38.82358365969838,-4.046738859622743
40.824883834581044,-4.046738859622743
40.824883834581044,0.5721311081213039
42.83407524340374,0.5721311081213039
42.83407524340374,-9.990483918784346
44.87775679119453,-9.990483918784346
44.87775679119453,-8.341313864645118
46.879423593385724,-8.341313864645118
46.879423593385724,9.353646375023185
48.9010684596893,9.353646375023185
48.9010684596893,-7.8209864931078705
50.92848131810634,-7.8209864931078705
50.92848131810634,6.246567214538588
53.00008867246353,6.246567214538588
53.00008867246353,2.557519101757845
55.06012303869496,2.557519101757845
55.06012303869496,-4.121768231731606
57.06442934915682,-4.121768231731606
57.06442934915682,-10.921858009700372
59.09687470234693,-10.921858009700372
59.09687470234693,-3.7753570504322664
61.159323884265014,-3.7753570504322664
61.159323884265014,-7.621982311549823
63.2107022409149,-7.621982311549823
63.2107022409149,7.844468712231963
65.27368917251546,7.844468712231963
65.27368917251546,4.415341180557355
67.34827803860482,4.415341180557355
67.34827803860482,-2.5496990552684125
69.38097743324988,-2.5496990552684125
69.38097743324988,4.039428053748232
71.40203448560513,4.039428053748232
71.40203448560513,0.30015611312904134
73.49649623465405,0.30015611312904134
73.49649623465405,-1.8573147750151167
75.5232138329996,-1.8573147750151167
75.5232138329996,-1.041018154214666
77.61437375663535,-1.041018154214666
77.61437375663535,8.171560353104027
79.68927729131514,8.171560353104027
79.68927729131514,7.310450113081196
81.73303529670865,7.310450113081196
81.73303529670865,-1.7837861780830853
83.80239934934686,-1.7837861780830853
83.80239934934686,9.804704218696733
85.82559852028561,9.804704218696733
85.82559852028561,8.935580151528747
87.84769766962907,8.935580151528747
87.84769766962907,0.6811367623868674
89.86958258851708,0.6811367623868674
89.86958258851708,-8.599919625748914
91.91156879728511,-8.599919625748914
91.91156879728511,-4.15554537334846
93.96689110935071,-4.15554537334846
93.96689110935071,3.4716259055845073
96.01564215406637,3.4716259055845073
96.01564215406637,2.787440527216221
98.08339278578742,2.787440527216221
98.08339278578742,7.040649058789242
100.17325008928537,7.040649058789242
100.17325008928537,-6.204655314492831
102.23873604907259,-6.204655314492831
102.23873604907259,1.6104261158491915
104.31589563230227,1.6104261158491915
104.31589563230227,0.47192292464778823
106.31797532674088,0.47192292464778823
106.31797532674088,-1.3492319418643726
108.37933210641762,-1.3492319418643726
108.37933210641762,4.247241555522785
110.42469290403415,4.247241555522785
110.42469290403415,-3.5726340035441426
112.4800652097361,-3.5726340035441426
112.4800652097361,-8.696428975030607
114.50663496521454,-8.696428975030607
114.50663496521454,3.7588416749069857
116.54766059564588,3.7588416749069857
116.54766059564588,7.960237702107763
118.57933283408788,7.960237702107763
118.57933283408788,1.6840404611407465
120.61841667393789,1.6840404611407465
120.61841667393789,-3.419772815326467
122.68653849421423,-3.419772815326467
122.68653849421423,-3.049891123699522
124.69340876594528,-3.049891123699522
124.69340876594528,-9.47386063807632
126.70362038784694,-9.47386063807632
126.70362038784694,5.85541812066582
128.74662487211197,5.85541812066582
128.74662487211197,1.6627588084992198
130.7583560608329,1.6627588084992198
130.7583560608329,-1.5768167705006162
132.7866468891968,-1.5768167705006162
132.7866468891968,-0.8810961541265432
134.8349145279207,-0.8810961541265432
134.8349145279207,-0.27568112748391005
136.91434517275118,-0.27568112748391005
136.91434517275118,3.3253490714617415
138.9467166284382,3.3253490714617415
138.9467166284382,7.190898212853488
141.00440794483782,7.190898212853488
141.00440794483782,-5.449580317609457
143.05191354961443,-5.449580317609457
143.05191354961443,-8.446846289262675
145.08274531055076,-8.446846289262675
145.08274531055076,-5.676787679841446
147.14705304808072,-5.676787679841446
147.14705304808072,-10.951426615883229
149.19079927135806,-10.951426615883229
149.19079927135806,-1.8175676281889162
151.19406562857216,-1.8175676281889162
151.19406562857216,-11.764276170926049
153.27497288615731,-11.764276170926049
153.27497288615731,3.8528112054772565
155.37088962460462,3.8528112054772565
155.37088962460462,7.436561768630235
157.46940281768957,7.436561768630235
157.46940281768957,-0.8629960430940202
159.56511208047883,-0.8629960430940202
159.56511208047883,-7.643646805189702
161.61415043131694,-7.643646805189702
161.61415043131694,2.9005782305719223
163.61441525307717,2.9005782305719223
163.61441525307717,1.2534540114054025
165.6611438365692,1.2534540114054025
165.6611438365692,2.8975154097132183
167.7105528520691,2.8975154097132183
167.7105528520691,2.492681060964213
169.80191154365943,2.492681060964213
169.80191154365943,-8.191604124484687
171.86950191212046,-8.191604124484687
171.86950191212046,-9.587387072783002
173.89650403764483,-9.587387072783002
173.89650403764483,1.5741570054273015
175.92159678655102,1.5741570054273015
175.92159678655102,1.8841024803147934
178.0158365733988,1.8841024803147934
178.0158365733988,5.773353603819551
180.03183682820014,5.773353603819551
180.03183682820014,6.8720670717480115
182.04094349744904,6.8720670717480115
182.04094349744904,7.1628947487992125
184.11697576053015,7.1628947487992125
184.11697576053015,2.8940098312328115
186.15337231297843,2.8940098312328115
186.15337231297843,4.378918825007919
188.17097954865403,4.378918825007919
188.17097954865403,-1.240573158835583
190.1827839481536,-1.240573158835583
190.1827839481536,0.24827426070322828
192.2444739692024,0.24827426070322828
192.2444739692024,3.9135485093643476
194.28575649021394,3.9135485093643476
194.28575649021394,-0.4414085316527954
196.30036249221027,-0.4414085316527954
196.30036249221027,-3.657565372929303
198.34598611877013,-3.657565372929303
198.34598611877013,12.595718055745326
200.44208027389942,12.595718055745326
200.44208027389942,-9.67520195156727
202.52339387743433,-9.67520195156727
202.52339387743433,-2.3829100366917184
204.56972213956783,-2.3829100366917184
204.56972213956783,0.004128414358970942
206.62360469597635,0.004128414358970942
206.62360469597635,2.053912351540609
208.68151824231026,2.053912351540609
208.68151824231026,-4.562800189729564
210.74388714350047,-4.562800189729564
210.74388714350047,6.566437733997946
212.7745391898204,6.566437733997946
212.7745391898204,-0.8069858433269534
214.8254989504434,-0.8069858433269534
214.8254989504434,0.8531177797739996
216.84723561858672,0.8531177797739996
216.84723561858672,11.046723612509124
218.88746162450653,11.046723612509124
218.88746162450653,-3.5939582753070076
220.9559752101801,-3.5939582753070076
220.9559752101801,-10.554613856135832
222.97483311594155,-10.554613856135832
222.97483311594155,4.312408908088685
225.01151367279846,4.312408908088685
225.01151367279846,4.338593349864249
227.0507592983999,4.338593349864249
227.0507592983999,5.3833236219992875
229.12612410426067,5.3833236219992875
229.12612410426067,-1.2901250607746164
231.18169479398904,-1.2901250607746164
231.18169479398904,-5.510714627799476
233.22244409636028,-5.510714627799476
233.22244409636028,2.0519623804805693
235.2848196584326,2.0519623804805693
235.2848196584326,4.164085599829789
237.33953847833826,4.164085599829789
237.33953847833826,2.2158752514254925
239.34021296186742,2.2158752514254925
239.34021296186742,2.1967472460167117
241.4256571897062,2.1967472460167117
241.4256571897062,1.3472295330183344
243.45091741400776,1.3472295330183344
243.45091741400776,1.9009396767055011
245.49434069065836,1.9009396767055011
245.49434069065836,-0.44168800210365955
247.50781058717035,-0.44168800210365955
247.50781058717035,0.5799059444193227
249.58831057203477,0.5799059444193227
249.58831057203477,-5.135377412836063
251.65508973413148,-5.135377412836063
251.65508973413148,-1.4792574822755729
253.6945694593339,-1.4792574822755729
253.6945694593339,1.7726455548688058
255.7639508432811,1.7726455548688058
255.7639508432811,3.6445780985351046
257.7792397377443,3.6445780985351046
257.7792397377443,2.9459622567884836
259.82397470044555,2.9459622567884836
259.82397470044555,4.2820260327319115
261.8754102445591,4.2820260327319115
261.8754102445591,0.5701581386630981
263.90722452992196,0.5701581386630981
263.90722452992196,-5.706385856097912
265.9210442871194,-5.706385856097912
265.9210442871194,-1.5430361060140707
267.9212852765218,-1.5430361060140707
267.9212852765218,-2.351353940611094
269.99167721506217,-2.351353940611094
269.99167721506217,2.5990061847623487
272.0679717628827,2.5990061847623487
272.0679717628827,1.7643341993736357
274.10005107676477,1.7643341993736357
274.10005107676477,-2.103409373223002
276.12462494821193,-2.103409373223002
276.12462494821193,-9.030319527104826
278.13868004461693,-9.030319527104826
278.13868004461693,-0.7838090599685219
280.1872517433342,-0.7838090599685219
280.1872517433342,-0.8548889702801193
282.19815418203837,-0.8548889702801193
282.19815418203837,6.354570993869682
284.22495661811496,6.354570993869682
284.22495661811496,-0.2067560099127821
286.234977652371,-0.2067560099127821
286.234977652371,-6.0405002306371545
288.30770083910807,-6.0405002306371545
288.30770083910807,-5.75629406035421
290.3454568623385,-5.75629406035421
290.3454568623385,6.61354854349658
292.37529581222316,6.61354854349658
292.37529581222316,5.0154287048953154
294.4538945046432,5.0154287048953154
294.4538945046432,-0.06106891593036955
296.4650558993868,-0.06106891593036955
296.4650558993868,-2.942801975941767
298.4989754430757,-2.942801975941767
298.4989754430757,-6.983913224739291
300.5020073704,-6.983913224739291
300.5020073704,3.517404374065312
302.560083096239,3.517404374065312
302.560083096239,7.185032615854745
304.60746565422335,7.185032615854745
304.60746565422335,6.372536064760649
306.6808188143981,6.372536064760649
306.6808188143981,3.9793868898609186
308.70497564253003,3.9793868898609186
308.70497564253003,-0.2775279819557205
310.735591057093,-0.2775279819557205
310.735591057093,-0.38186816254469147
312.8176325100169,-0.38186816254469147
312.8176325100169,1.8132996430941237
314.88595959369377,1.8132996430941237
314.88595959369377,0.6328626208318645
316.9135396807673,0.6328626208318645
316.9135396807673,-6.889290433741886
319.0082058849036,-6.889290433741886
319.0082058849036,-7.446086438087068
321.0199653239914,-7.446086438087068
321.0199653239914,0.3873377072055776
323.0886558585686,0.3873377072055776
323.0886558585686,1.397411816990277
325.09505283079403,1.397411816990277
325.09505283079403,7.580306264643594
327.18675481528135,7.580306264643594
327.18675481528135,4.3024820294335555
329.27088839060997,4.3024820294335555
329.27088839060997,-11.164834807106878
331.3442818576113,-11.164834807106878
331.3442818576113,-4.1703982408770335
333.41816826530436,-4.1703982408770335
333.41816826530436,2.8227578394384043
335.4859513615037,2.8227578394384043
335.4859513615037,-8.47358872358883
337.5110194342925,-8.47358872358883
337.5110194342925,2.399844391242519
339.60134016728773,2.399844391242519
339.60134016728773,4.36111222165915
341.67883473585107,4.36111222165915
341.67883473585107,-3.8460379913800002
343.73311665215783,-3.8460379913800002
343.73311665215783,2.5850585609474734
345.8289411710878,2.5850585609474734
345.8289411710878,1.394436617648124
347.8683678971183,1.394436617648124
347.8683678971183,-6.0399852786422645
349.95951166933366,-6.0399852786422645
349.95951166933366,0.31066065753041183
351.96646935455976,0.31066065753041183
351.96646935455976,-5.960640841237613
354.06393023882646,-5.960640841237613
354.06393023882646,4.313169552326464
356.13260901048665,4.313169552326464
356.13260901048665,-2.339109317948026
358.1545432936804,-2.339109317948026
358.1545432936804,0.71214818114071
360.0,0.71214818114071
# Sen5.sensor_w #6
0.0,0.0
2.085120441659296,0.0
2.085120441659296,-2.1989237656425633
4.085906996286418,-2.1989237656425633
4.085906996286418,9.224951504185645
6.16938515752624,9.224951504185645
6.16938515752624,-1.8155012410405567
8.192938632553165,-1.8155012410405567
8.192938632553165,-3.4751083135984357
10.251959599524263,-3.4751083135984357
10.251959599524263,-4.540694535128104
12.268218033799254,-4.540694535128104
12.268218033799254,8.694799957024205
14.356964629163468,8.694799957024205
14.356964629163468,-2.1209874006230844
16.400714474680335,-2.1209874006230844
16.400714474680335,-3.3616653561858922
18.48196924987257,-3.3616653561858922
18.48196924987257,-12.116029433237014
20.579867348848293,-12.116029433237014
20.579867348848293,12.059380900588925
22.598508771933094,12.059380900588925
22.598508771933094,1.2825095906139992
24.614720145618048,1.2825095906139992
24.614720145618048,3.5597362558360186
26.697841301981924,3.5597362558360186
26.697841301981924,6.997259796388552
28.728082196272652,6.997259796388552
28.728082196272652,-6.816372682106754
30.737799117805206,-6.816372682106754
30.737799117805206,0.020782349879743534
32.83164489985865,0.020782349879743534
32.83164489985865,1.4270085648528918
34.89990989136675,1.4270085648528918
34.89990989136675,0.7075253371484831
36.90823459259823,0.7075253371484831
36.90823459259823,1.6256491366130308
38.98951552456458,1.6256491366130308
38.98951552456458,-3.2852763206151243
41.002684201995656,-3.2852763206151243
41.002684201995656,-3.158525350436609
43.00323076711207,-3.158525350436609
43.00323076711207,-3.9116229666014934
45.00577635608786,-3.9116229666014934
45.00577635608786,-0.08228538017767625
47.072160984964626,-0.08228538017767625
47.072160984964626,-5.827759597967111
49.14570155695742,-5.827759597967111
49.14570155695742,0.04981092620049911
51.17410200317589,0.04981092620049911
51.17410200317589,-7.485020312950814
53.23302034067656,-7.485020312950814
53.23302034067656,-6.9507347087771
55.33059736679045,-6.9507347087771
55.33059736679045,-3.7505708724760027
57.37423861199264,-3.7505708724760027
57.37423861199264,1.855526486433547
59.38121867703947,1.855526486433547
59.38121867703947,-4.843690903808877
61.4064331646564,-4.843690903808877
61.4064331646564,6.4937206478085265
63.44805311528246,6.4937206478085265
63.44805311528246,5.220908684815589
65.49528083854389,5.220908684815589
65.49528083854389,-1.073529370694282
67.55068691859842,-1.073529370694282
67.55068691859842,9.068122972758662
69.62297263157637,9.068122972758662
69.62297263157637,3.5684610575153886
71.66844416876069,3.5684610575153886
71.66844416876069,-1.6613806176991996
73.73244929114091,-1.6613806176991996
73.73244929114091,6.761650552159156
75.7730365170001,6.761650552159156
75.7730365170001,4.342764707748167
77.83047711298168,4.342764707748167
77.83047711298168,-0.6373926927469624
79.89454670486995,-0.6373926927469624
79.89454670486995,-1.7481847855661072
81.97221883757415,-1.7481847855661072
81.97221883757415,-2.115811719487499
84.06103398404588,-2.115811719487499
84.06103398404588,2.0402708468603152
86.10151440252768,2.0402708468603152
86.10151440252768,3.5240623840003424
88.1686885559024,3.5240623840003424
88.1686885559024,5.468865382803502
90.18213153174375,5.468865382803502
90.18213153174375,5.689440196740839
92.28125885320456,5.689440196740839
92.28125885320456,2.5542384477147966
94.30181716748595,2.5542384477147966
94.30181716748595,7.462406291725589
96.38899357630491,7.462406291725589
96.38899357630491,-2.5151559106730548
98.46097597540758,-2.5151559106730548
98.46097597540758,1.0564089808105321
100.46499674616307,1.0564089808105321
100.46499674616307,4.259750858176344
102.48635232575505,4.259750858176344
102.48635232575505,4.804321121164084
104.54351231001097,4.804321121164084
104.54351231001097,1.6992130327713943
106.61853475097338,1.6992130327713943
106.61853475097338,1.0596796674157192
108.71522996584737,1.0596796674157192
108.71522996584737,14.732138214509284
110.78001510705273,14.732138214509284
110.78001510705273,-1.9651741936476894
112.81198959045099,-1.9651741936476894
112.81198959045099,5.5654672605732145
114.8434013776665,5.5654672605732145
114.8434013776665,-4.941471348743933
116.90378264385384,-4.941471348743933
116.90378264385384,-3.2086698555814497
118.95107993011928,-3.2086698555814497
118.95107993011928,-9.436887627526108
120.97358458690782,-9.436887627526108
120.97358458690782,1.3172733593887012
123.00242991162425,1.3172733593887012
123.00242991162425,-1.7976216360833666
125.00319750396484,-1.7976216360833666
125.00319750396484,1.8858539740526816
127.08805218150108,1.8858539740526816
127.08805218150108,1.8959005309812893
129.15640343534486,1.8959005309812893
129.15640343534486,-5.808069596417534
131.2046527409898,-5.808069596417534
131.2046527409898,-0.5521943153628797
133.25309211918793,-0.5521943153628797
133.25309211918793,0.4324828172029996
135.25881095991636,0.4324828172029996
135.25881095991636,4.667356566787776
137.32789416070545,4.667356566787776
137.32789416070545,-5.750553226647464
139.41186244913598,-5.750553226647464
139.41186244913598,1.6515138104112024
141.47163260648705,1.6515138104112024
141.47163260648705,1.531769981216439
143.57051871481062,1.531769981216439
143.57051871481062,-4.534367706023926
145.66146179694178,-4.534367706023926
145.66146179694178,2.6593275085309114
147.6712147336495,2.6593275085309114
147.6712147336495,-4.503754466758457
149.6795553799023,-4.503754466758457
149.6795553799023,-1.8540464761363453
151.7366316507956,-1.8540464761363453
151.7366316507956,0.3163261810459663
153.73773720224045,0.3163261810459663
153.73773720224045,-2.0517069924389735
155.80038093304603,-2.0517069924389735
155.80038093304603,7.607956481868645
157.8441061367221,7.607956481868645
157.8441061367221,-1.5792032468883397
159.8935875972905,-1.5792032468883397
159.8935875972905,-2.013740186213896
161.92278518800026,-2.013740186213896
161.92278518800026,3.495195488564462
164.01661477343131,3.495195488564462
164.01661477343131,4.927348563155373
166.02306937892396,4.927348563155373
166.02306937892396,-3.884419609297136
168.09025103607684,-3.884419609297136
168.09025103607684,-1.9391594877423113
170.14665456593028,-1.9391594877423113
170.14665456593028,-1.9478993034552403
172.24488950541215,-1.9478993034552403
172.24488950541215,-10.213589480564277
174.2615606988497,-10.213589480564277
174.2615606988497,6.086979726700604
176.27841204490176,6.086979726700604
176.27841204490176,-5.387235529670863
178.36057896607895,-5.387235529670863
178.36057896607895,2.219428172668927
180.3663871722375,2.219428172668927
180.3663871722375,-3.5226559689545685
182.40676798176335,-3.5226559689545685
182.40676798176335,-6.203009229907118
184.49258071762955,-6.203009229907118
184.49258071762955,-1.3015252206555639
186.55774308695968,-1.3015252206555639
186.55774308695968,3.820343029794854
188.64689285346807,3.820343029794854
188.64689285346807,1.075309588791228
190.68189570704965,1.075309588791228
190.68189570704965,-9.32731987061349
192.7146228007182,-9.32731987061349
192.7146228007182,-2.7727828031160593
194.80774263854374,-2.7727828031160593
194.80774263854374,-0.8038107269919217
196.80888761895,-0.8038107269919217
196.80888761895,-5.190993870950987
198.82084317720242,-5.190993870950987
198.82084317720242,3.048715736334207
200.91825348221874,3.048715736334207
200.91825348221874,-2.4173765944265058
202.97477577265053,-2.4173765944265058
202.97477577265053,-3.1792687054885818
205.02657563803749,-3.1792687054885818
205.02657563803749,4.900618352348344
207.0976418811726,4.900618352348344
207.0976418811726,8.464558063097044
209.17807817020358,8.464558063097044
209.17807817020358,-5.116733171882542
211.18146829466693,-5.116733171882542
211.18146829466693,0.6960578977152136
213.25585709373215,0.6960578977152136
213.25585709373215,-6.372893220010683
215.32758530547,-6.372893220010683
215.32758530547,-1.13737517881712
217.332540742644,-1.13737517881712
217.332540742644,9.858242463013388
219.3923777083501,9.858242463013388
219.3923777083501,-5.300834114595279
221.446231817229,-5.300834114595279
221.446231817229,-0.3939980490477675
223.48409599441402,-0.3939980490477675
223.48409599441402,1.3877706462623915
225.48929809861173,1.3877706462623915
225.48929809861173,4.997690491449734
227.57009730665297,4.997690491449734
227.57009730665297,0.4049467008997476
229.62343116619613,0.4049467008997476
229.62343116619613,4.254969739980251
231.64203247799145,4.254969739980251
231.64203247799145,-0.649901911761004
233.6653189687158,-0.649901911761004
233.6653189687158,1.633733965510594
235.74510792934853,1.633733965510594
235.74510792934853,-4.682830200118689
237.8300342952308,-4.682830200118689
237.8300342952308,-0.736894088871129
239.8544716589326,-0.736894088871129
239.8544716589326,1.135476408798484
241.9362809735699,1.135476408798484
241.9362809735699,5.559319185764502
243.97945472846027,5.559319185764502
243.97945472846027,2.9419085799545996
246.03049464585408,2.9419085799545996
246.03049464585408,1.7980659486442407
248.06809591696504,1.7980659486442407
248.06809591696504,3.1889673258900975
250.14896960445685,3.1889673258900975
250.14896960445685,-5.073975444663407
252.15625321156037,-5.073975444663407
252.15625321156037,2.4612032042752148
254.19803446832725,2.4612032042752148
254.19803446832725,10.415421352877654
256.2412953165541,10.415421352877654
256.2412953165541,-3.72471614773042
258.2621386667104,-3.72471614773042
258.2621386667104,-2.7006129927712386
260.31959707309494,-2.7006129927712386
260.31959707309494,3.461813456494352
262.36884357531966,3.461813456494352
262.36884357531966,2.3374974910147985
264.41781452264166,2.3374974910147985
264.41781452264166,-5.2577741594587835
266.41899127395396,-5.2577741594587835
266.41899127395396,5.732873795100718
268.4863309644954,5.732873795100718
268.4863309644954,-7.69263674544624
270.502102351397,-7.69263674544624
270.502102351397,-6.8735786876453195
272.5329960649442,-6.8735786876453195
272.5329960649442,-7.531302162434188
274.5706057377339,-7.531302162434188
274.5706057377339,-3.23322523766443
276.6277484239961,-3.23322523766443
276.6277484239961,3.4024990127107952
278.65024823327894,3.4024990127107952
278.65024823327894,3.5784061033704035
280.7024627314919,3.5784061033704035
280.7024627314919,2.9646132551199593
282.73828067116193,2.9646132551199593
282.73828067116193,-7.643955637282711
284.79879735669886,-7.643955637282711
284.79879735669886,5.593529902986201
286.87875257497535,5.593529902986201
286.87875257497535,3.3352112047354865
288.9681804530082,3.3352112047354865
288.9681804530082,-12.82261099407769
291.0383622196502,-12.82261099407769
291.0383622196502,1.3902817597830233
293.0978919833669,1.3902817597830233
293.0978919833669,6.807683863658331
295.1639249605599,6.807683863658331
295.1639249605599,-0.15575308163272114
297.2178806740916,-0.15575308163272114
297.2178806740916,-7.544224950271933
299.2281671795777,-7.544224950271933
299.2281671795777,-11.83338861148215
301.2754124165924,-11.83338861148215
301.2754124165924,-0.5029254432341101
303.3230943506624,-0.5029254432341101
303.3230943506624,-3.2644246276719517
305.3677248831182,-3.2644246276719517
305.3677248831182,-0.16029067088640894
307.4002136955783,-0.16029067088640894
307.4002136955783,8.735529437128072
309.41871165284675,8.735529437128072
309.41871165284675,1.0971712462735457
311.49563754196134,1.0971712462735457
311.49563754196134,-4.974805725983847
313.53940954721895,-4.974805725983847
313.53940954721895,4.697305258145789
315.61647452567047,4.697305258145789
315.61647452567047,2.62067066604055
317.64446997877735,2.62067066604055
317.64446997877735,4.72064434826762
319.64502488731034,4.72064434826762
319.64502488731034,-7.33379967219321
321.7011979643151,-7.33379967219321
321.7011979643151,5.396876587762206
323.7664875407103,5.396876587762206
323.7664875407103,-4.754497954237081
325.83945049069445,-4.754497954237081
325.83945049069445,0.26069104490923817
327.88232110693247,0.26069104490923817
327.88232110693247,0.0016483461773786254
329.936907398984,0.0016483461773786254
329.936907398984,3.5597001324675936
332.0338228645873,3.5597001324675936
332.0338228645873,0.385954836973273
334.0467598961343,0.385954836973273
334.0467598961343,-3.822872778697375
336.10303736507495,-3.822872778697375
336.10303736507495,-0.6639700163056111
338.17447140001804,-0.6639700163056111
338.17447140001804,5.651118429017727
340.1995987091601,5.651118429017727
340.1995987091601,2.0229030060466506
342.230187037672,2.0229030060466506
342.230187037672,1.4941377264038536
344.31078417848306,1.4941377264038536
344.31078417848306,2.694937594212635
346.33008747375584,2.694937594212635
346.33008747375584,1.29846119565333
348.39866444867886,1.29846119565333
348.39866444867886,2.2829954546691824
350.456671877887,2.2829954546691824
350.456671877887,-3.3296086253437798
352.55336182535655,-3.3296086253437798
352.55336182535655,-3.8318722254390187
354.59048504341933,-3.8318722254390187
354.59048504341933,3.0038968693539414
356.6587268219419,3.0038968693539414
356.6587268219419,5.047739421135171
358.7095225680257,5.047739421135171
358.7095225680257,4.107025680348765
360.0,4.107025680348765
# Sen5.sensor_w #7
0.0,0.0
2.01328789324034,0.0
2.01328789324034,-1.3703145909195578
4.058762143854984,-1.3703145909195578
4.058762143854984,-4.037931032292782
6.108080228706205,-4.037931032292782
6.108080228706205,-2.6494855522857854
8.164660229322637,-2.6494855522857854
8.164660229322637,-5.931481038976001
10.23768827138886,-5.931481038976001
10.23768827138886,-6.622240664720759
12.255004263263636,-6.622240664720759
12.255004263263636,3.0521810471389625
14.333559219730168,3.0521810471389625
14.333559219730168,0.17178944105043736
16.37892182135012,0.17178944105043736
16.37892182135012,1.1991038874528233
18.45580407144748,1.1991038874528233
18.45580407144748,2.0251404077200355
20.513762035043637,2.0251404077200355
20.513762035043637,-6.647315539583891
22.56360554741337,-6.647315539583891
22.56360554741337,-7.409294947580815
24.625111651720204,-7.409294947580815
24.625111651720204,2.872157500642238
26.708405672699637,2.872157500642238
26.708405672699637,-3.486401975520106
28.765099265102513,-3.486401975520106
28.765099265102513,7.719919368119907
30.827999988035142,7.719919368119907
30.827999988035142,3.8696214536312334
32.838902195263515,3.8696214536312334
32.838902195263515,8.42332909103863
34.84903326483898,8.42332909103863
34.84903326483898,-6.506785053000701
36.89252406996863,-6.506785053000701
36.89252406996863,-1.6205868739031302
38.8948523042277,-1.6205868739031302
38.8948523042277,-16.480195894169835
40.913382402739565,-16.480195894169835
40.913382402739565,-1.714301456677141
42.98150389136887,-1.714301456677141
42.98150389136887,-0.2960267442191469
45.05881080647375,-0.2960267442191469
45.05881080647375,6.638550338902004
47.14328632747682,6.638550338902004
47.14328632747682,1.4829152768498557
49.2032798354556,1.4829152768498557
49.2032798354556,-5.636859228364392
51.24103239235842,-5.636859228364392
51.24103239235842,-1.0682101969751348
53.335860848662435,-1.0682101969751348
53.335860848662435,7.168543040713187
55.43113488553361,7.168543040713187
55.43113488553361,9.067076706425354
57.443127433334396,9.067076706425354
57.443127433334396,4.121432555869745
59.46031565855531,4.121432555869745
59.46031565855531,-4.129005192656924
61.498914531325084,-4.129005192656924
61.498914531325084,3.433209185070889
63.537860476502686,3.433209185070889
63.537860476502686,4.178244977563665
65.63726751415061,4.178244977563665
65.63726751415061,2.1727340978506615
67.6376011462602,2.1727340978506615
67.6376011462602,-0.9800768542386724
69.68779862684345,-0.9800768542386724
69.68779862684345,-3.853137294109588
71.76501560814914,-3.853137294109588
71.76501560814914,-1.853808036607473
73.85451845625595,-1.853808036607473
73.85451845625595,-3.4146013463406115
75.8743083760485,-3.4146013463406115
75.8743083760485,-1.6751901456769196
77.93666866720984,-1.6751901456769196
77.93666866720984,-6.917611169416783
79.98923147836403,-6.917611169416783
79.98923147836403,-3.2667100162595446
82.08506005536572,-3.2667100162595446
82.08506005536572,0.28624302475966745
84.13551516020468,0.28624302475966745
84.13551516020468,8.991591378236926
86.14605004919945,8.991591378236926
86.14605004919945,-0.7825615425402931
88.17427725698093,-0.7825615425402931
88.17427725698093,0.9852281582621264
90.2622184646477,0.9852281582621264
90.2622184646477,-3.9410077817374622
92.32442073147797,-3.9410077817374622
92.32442073147797,-9.938566726753908
94.41280755846378,-9.938566726753908
94.41280755846378,1.664853253509343
96.4886950203038,1.664853253509343
96.4886950203038,-2.4716487065243817
98.58285272411874,-2.4716487065243817
98.58285272411874,3.896792453520583
100.65454339075193,3.896792453520583
100.65454339075193,-2.6430415426976515
102.75110909306622,-2.6430415426976515
102.75110909306622,-6.919187011611838
104.80917879282508,-6.919187011611838
104.80917879282508,2.163711573566373
106.88141846771276,2.163711573566373
106.88141846771276,7.174023403189709
108.89713047714025,7.174023403189709
108.89713047714025,-1.1781696490574327
110.98455857503892,-1.1781696490574327
110.98455857503892,3.5885362053203034
112.98756272031183,3.5885362053203034
112.98756272031183,13.345775645582412
115.05490741578667,13.345775645582412
115.05490741578667,3.577938243327146
117.07304479226265,3.577938243327146
117.07304479226265,-8.413158828122778
119.11656734784788,-8.413158828122778
119.11656734784788,7.032802182466737
121.13835188094238,7.032802182466737
121.13835188094238,8.318043959372472
123.17948193726762,8.318043959372472
123.17948193726762,0.9798259569514618
125.23989499298759,0.9798259569514618
125.23989499298759,0.05028588820703157
127.33928162476508,0.05028588820703157
127.33928162476508,-6.386886083144301
129.36745011171703,-6.386886083144301
129.36745011171703,11.786098468437352
131.41035632901725,11.786098468437352
131.41035632901725,-3.3236797474638644
133.44331019831242,-3.3236797474638644
133.44331019831242,7.781186728113131
135.49156255112837,7.781186728113131
135.49156255112837,2.427258654526003
137.51601763077412,2.427258654526003
137.51601763077412,-1.0371280681173554
139.5867157159904,-1.0371280681173554
139.5867157159904,-2.4953003978828208
141.66663888828356,-2.4953003978828208
141.66663888828356,-4.454997776111394
143.67836266069656,-4.454997776111394
143.67836266069656,5.549771501192792
145.7032057696066,5.549771501192792
145.7032057696066,-6.128277819494774
147.78324095658454,-6.128277819494774
147.78324095658454,-2.5736285978489866
149.79960733858888,-2.5736285978489866
149.79960733858888,-1.9343412623819813
151.81769126723358,-1.9343412623819813
151.81769126723358,2.0328920664665264
153.90211204710351,2.0328920664665264
153.90211204710351,-6.931015244192649
155.94340044875133,-6.931015244192649
155.94340044875133,-3.074026267940508
157.9645528746113,-3.074026267940508
157.9645528746113,-1.4616992523869452
160.06403976611998,-1.4616992523869452
160.06403976611998,2.007781104031951
162.09952588319518,2.007781104031951
162.09952588319518,9.458844565643563
164.14412303262586,9.458844565643563
164.14412303262586,-4.374626793987627
166.1517545003742,-4.374626793987627
166.1517545003742,-9.966676575609991
168.21952209523832,-9.966676575609991
168.21952209523832,4.439943025028762
170.22406117622683,4.439943025028762
170.22406117622683,-6.003503298693959
172.2932424325489,-6.003503298693959
172.2932424325489,0.21268398272648475
174.29875318435873,0.21268398272648475
174.29875318435873,5.263830017769408
176.38628765522674,5.263830017769408
176.38628765522674,1.5544159553860757
178.46381539319336,1.5544159553860757
178.46381539319336,9.663921172142674
180.49091672907494,9.663921172142674
180.49091672907494,5.956770207708456
182.52718926501362,5.956770207708456
182.52718926501362,6.8955420872069615
184.59573040073818,6.8955420872069615
184.59573040073818,-2.6355309559430378
186.6093258621178,-2.6355309559430378
186.6093258621178,4.256087912362276
188.64079791160825,4.256087912362276
188.64079791160825,1.6136619692199874
190.70663133558907,1.6136619692199874
190.70663133558907,-14.229782781665918
192.7201430241306,-14.229782781665918
192.7201430241306,-4.989105681107834
194.76563083836413,-4.989105681107834
194.76563083836413,-1.8456863164734378
196.77618033464125,-1.8456863164734378
196.77618033464125,4.944208025853812
198.78076013717384,4.944208025853812
198.78076013717384,2.2958309110102224
200.87527197166114,2.2958309110102224
200.87527197166114,-2.2036692648330978
202.89532105654703,-2.2036692648330978
202.89532105654703,0.5335658916439071
204.91549114405393,0.5335658916439071
204.91549114405393,-3.501123393713319
206.91552075827235,-3.501123393713319
206.91552075827235,0.30759462718135006
208.96074958210542,0.30759462718135006
208.96074958210542,3.1219891105266884
211.0543140262579,3.1219891105266884
211.0543140262579,-0.3025347555484968
213.1132556281241,-0.3025347555484968
213.1132556281241,8.020083957840885
215.11615620739303,8.020083957840885
215.11615620739303,-7.85511635708659
217.20644717408373,-7.85511635708659
217.20644717408373,-11.098933866709297
219.29660089706175,-11.098933866709297
219.29660089706175,-1.4419385786701635
221.39017678314363,-1.4419385786701635
221.39017678314363,0.8099464297818316
223.48814210854295,0.8099464297818316
223.48814210854295,4.088862539359967
225.565878637722,4.088862539359967
225.565878637722,2.997124543950931
227.64354469407328,2.997124543950931
227.64354469407328,1.977459658517668
229.7400402395305,1.977459658517668
229.7400402395305,-9.11577414661592
231.76298945294857,-9.11577414661592
231.76298945294857,-0.7736994147888021
233.80980501799064,-0.7736994147888021
233.80980501799064,-6.614273563576827
235.83308046812445,-6.614273563576827
235.83308046812445,0.7713064403573054
237.90435236073716,0.7713064403573054
237.90435236073716,6.090766168821178
239.97005865537238,6.090766168821178
239.97005865537238,-4.767080732064534
242.03321952396672,-4.767080732064534
242.03321952396672,1.7901355960967869
244.09846945365416,1.7901355960967869
244.09846945365416,3.8814659150115762
246.132120106532,3.8814659150115762
246.132120106532,-1.6746878003961065
248.14791480053646,-1.6746878003961065
248.14791480053646,7.871969734618089
250.22059399345173,7.871969734618089
250.22059399345173,1.509491053350168
252.3072716960299,1.509491053350168
252.3072716960299,-0.48480385651301205
254.37775053794263,-0.48480385651301205
254.37775053794263,-1.5538190615427172
256.39065781543263,-1.5538190615427172
256.39065781543263,-0.02124367480624824
258.4059224695572,-0.02124367480624824
258.4059224695572,3.713169759367842
260.4831798478481,3.713169759367842
260.4831798478481,1.7793214989022346
262.4981763582591,1.7793214989022346
262.4981763582591,4.421511484277734
264.5699284162079,4.421511484277734
264.5699284162079,-0.5066382708011523
266.6341565196381,-0.5066382708011523
266.6341565196381,4.435992773391654
268.7035586254202,4.435992773391654
268.7035586254202,-2.2983706798807164
270.7654666112684,-2.2983706798807164
270.7654666112684,-2.9430038820810696
272.7885011380956,-2.9430038820810696
272.7885011380956,-11.855885814200903
274.8731235532877,-11.855885814200903
274.8731235532877,-7.466283214581373
276.9473045067489,-7.466283214581373
276.9473045067489,0.7554905837153493
279.0431907041419,0.7554905837153493
279.0431907041419,1.0402634674720417
281.1328375495518,1.0402634674720417
281.1328375495518,-8.723711177875979
283.22966616092134,-8.723711177875979
283.22966616092134,-1.8634446844900399
285.29229731013925,-1.8634446844900399
285.29229731013925,-2.0522688075921227
287.3028007805484,-2.0522688075921227
287.3028007805484,-5.2836587433390525
289.32361373632693,-5.2836587433390525
289.32361373632693,0.8724480075225558
291.3320687604981,0.8724480075225558
291.3320687604981,0.398469206920593
293.3616761102025,0.398469206920593
293.3616761102025,1.5732523126162192
295.4268937176836,1.5732523126162192
295.4268937176836,0.43775741398798107
297.4947811870616,0.43775741398798107
297.4947811870616,-2.897891826114329
299.5819282039282,-2.897891826114329
299.5819282039282,-3.297325898698963
301.67615647248664,-3.297325898698963
301.67615647248664,4.065589180769959
303.71652870921196,4.065589180769959
303.71652870921196,7.260466819813587
305.7803858411527,7.260466819813587
305.7803858411527,0.4663427649408087
307.8363634771412,0.4663427649408087
307.8363634771412,-6.637512883829317
309.85251272858403,-6.637512883829317
309.85251272858403,-1.5865885966630362
311.9438142485951,-1.5865885966630362
311.9438142485951,2.9307492360787517
314.03369800858087,2.9307492360787517
314.03369800858087,4.013798431251158
316.0894030599295,4.013798431251158
316.0894030599295,-5.8929137026762515
318.0938892228672,-5.8929137026762515
318.0938892228672,1.5553885677786383
320.1093252360195,1.5553885677786383
320.1093252360195,6.003387653777823
322.19718924766664,6.003387653777823
322.19718924766664,5.527161140499086
324.28346697828846,5.527161140499086
324.28346697828846,3.978693091629644
326.33186396652474,3.978693091629644
326.33186396652474,-8.29805046624747
328.38138393402244,-8.29805046624747
328.38138393402244,7.028836107893637
330.45882904693667,7.028836107893637
330.45882904693667,-0.10580984445838995
332.4650186553015,-0.10580984445838995
332.4650186553015,4.34751761832244
334.4929966253349,4.34751761832244
334.4929966253349,4.704597101198197
336.498155933468,4.704597101198197
336.498155933468,-2.604565840762487
338.5682423049155,-2.604565840762487
338.5682423049155,-5.529622914862306
340.5852746029135,-5.529622914862306
340.5852746029135,-5.0899613703651365
342.68160901765384,-5.0899613703651365
342.68160901765384,1.3543870406535263
344.7457040618941,1.3543870406535263
344.7457040618941,-5.307724760108357
346.78303041030455,-5.307724760108357
346.78303041030455,4.6818239025799055
348.85113933960287,4.6818239025799055
348.85113933960287,-7.242453338533985
350.9351121529764,-7.242453338533985
350.9351121529764,2.7707163773597236
352.9926715359156,2.7707163773597236
352.9926715359156,0.98017132686387
355.01694456320934,0.98017132686387
355.01694456320934,12.210030055170645
357.05618084652457,12.210030055170645
357.05618084652457,-0.46723144600921424
359.0834065325339,-0.46723144600921424
359.0834065325339,9.033887715077189
360.0,9.033887715077189
# Sen5.sensor_w #8
0.0,0.0
2.019054218288511,0.0
2.019054218288511,0.21883774576981915
4.079103769907166,0.21883774576981915
4.079103769907166,6.089164788388461
6.082936697998447,6.089164788388461
6.082936697998447,-5.062279145025796
8.156026931442675,-5.062279145025796
8.156026931442675,3.391708443750925
10.195567819128636,3.391708443750925
10.195567819128636,-1.1914956588449592
12.250319300941781,-1.1914956588449592
12.250319300941781,-3.9414302456340957
14.30847894378672,-3.9414302456340957
14.30847894378672,-1.9612316570445087
16.336188938065565,-1.9612316570445087
16.336188938065565,-3.8908533919707504
18.357230410251923,-3.8908533919707504
18.357230410251923,-3.451434178612926
20.446632434273948,-3.451434178612926
20.446632434273948,-0.9794273130100535
22.44687658239612,-0.9794273130100535
22.44687658239612,12.001864554217498
24.542134275655847,12.001864554217498
24.542134275655847,-3.095852657805
26.559135840549743,-3.095852657805
26.559135840549743,-5.239654063616406
28.575827538437753,-5.239654063616406
28.575827538437753,-0.03143614228299157
30.638263123372205,-0.03143614228299157
30.638263123372205,-13.768165291980978
32.72057736722865,-13.768165291980978
32.72057736722865,-5.550851732298435
34.809535688691675,-5.550851732298435
34.809535688691675,1.2847037564621724
36.89955326428698,1.2847037564621724
36.89955326428698,-7.9473567598782235
38.9712400142622,-7.9473567598782235
38.9712400142622,5.712657498754127
41.03771671355301,5.712657498754127
41.03771671355301,-6.542032193019802
43.11390104301048,-6.542032193019802
43.11390104301048,4.968431599504644
45.17709499196466,4.968431599504644
45.17709499196466,-4.32571109638701
47.22330335710398,-4.32571109638701
47.22330335710398,-6.86563682538632
49.23055179204552,-6.86563682538632
49.23055179204552,11.654019837649674
51.2895644730013,11.654019837649674
51.2895644730013,-1.0184855559729395
53.368280563248156,-1.0184855559729395
53.368280563248156,13.186940206276763
55.4423050312151,13.186940206276763
55.4423050312151,1.5035004204193323
57.4451951289841,1.5035004204193323
57.4451951289841,-6.2857717086185225
59.5157206126098,-6.2857717086185225
59.5157206126098,0.1797155186715917
61.60748472889329,0.1797155186715917
61.60748472889329,-0.2669304436336032
63.667472280072914,-0.2669304436336032
63.667472280072914,1.787336020586869
65.75908931605055,1.787336020586869
65.75908931605055,4.594717633620621
67.79952009249556,4.594717633620621
67.79952009249556,7.185175465763539
69.84776486830445,7.185175465763539
69.84776486830445,5.478070396166396
71.88134104204131,5.478070396166396
71.88134104204131,-2.3859882853359986
73.97111679189335,-2.3859882853359986
73.97111679189335,-5.584837068703237
76.01286694181103,-5.584837068703237
76.01286694181103,-3.06329570698358
78.04490216234173,-3.06329570698358
78.04490216234173,-0.9962655616521989
80.14250645564381,-0.9962655616521989
80.14250645564381,-4.272696410447665
82.15374130642941,-4.272696410447665
82.15374130642941,-2.8030616132197728
84.16881348706274,-2.8030616132197728
84.16881348706274,0.5864447820755979
86.17788588494474,0.5864447820755979
86.17788588494474,3.6659214936132836
88.21972585242642,3.6659214936132836
88.21972585242642,0.7785799536651541
90.28186474988654,0.7785799536651541
90.28186474988654,2.526877345812806
92.31223622521854,2.526877345812806
92.31223622521854,0.7962933776690894
94.3684935560692,0.7962933776690894
94.3684935560692,-5.1159481798965665
96.46398114596056,-5.1159481798965665
96.46398114596056,-2.2901967933274583
98.56111472097913,-2.2901967933274583
98.56111472097913,5.337407169765461
100.6552145435592,5.337407169765461
100.6552145435592,-2.852479103831361
102.66107948027782,-2.852479103831361
102.66107948027782,0.07904375445441622
104.67696738521498,0.07904375445441622
104.67696738521498,-11.147982363376538
106.73400451892154,-11.147982363376538
106.73400451892154,0.3557508230005774
108.74494314475072,0.3557508230005774
108.74494314475072,-0.8065688295943978
110.83429490690995,-0.8065688295943978
110.83429490690995,-2.1830860094604656
112.88352904050015,-2.1830860094604656
112.88352904050015,-4.619077448483845
114.9157294270382,-4.619077448483845
114.9157294270382,-9.293266675397744
116.9772945917865,-9.293266675397744
116.9772945917865,-5.862289313679607
119.05263370143764,-5.862289313679607
119.05263370143764,13.814481873056687
121.06040020371826,13.814481873056687
121.06040020371826,8.551079574424971
123.13472501575463,8.551079574424971
123.13472501575463,2.9467959882289514
125.21474717380626,2.9467959882289514
125.21474717380626,3.4155813686473806
127.2149531776332,3.4155813686473806
127.2149531776332,10.454027685662943
129.25926092611755,10.454027685662943
129.25926092611755,-6.760662627268715
131.30469214324958,-6.760662627268715
131.30469214324958,8.662592255721872
133.34373683978984,8.662592255721872
133.34373683978984,1.53067827447757
135.4114239701832,1.53067827447757
135.4114239701832,0.9000080971967789
137.4267904666799,0.9000080971967789
137.4267904666799,12.762799264878486
139.50239359385864,12.762799264878486
139.50239359385864,6.960577728463042
141.59143735663565,6.960577728463042
141.59143735663565,-1.9327479975215618
143.63521473561002,-1.9327479975215618
143.63521473561002,1.3253206825574628
145.6984077111932,1.3253206825574628
145.6984077111932,5.138258857894789
147.7611479365846,5.138258857894789
147.7611479365846,1.6709677113271044
149.85660250840684,1.6709677113271044
149.85660250840684,-6.179467813892995
151.89143051928633,-6.179467813892995
151.89143051928633,7.553086150555765
153.94039753863834,7.553086150555765
153.94039753863834,-1.4025928008813677
155.94457184758275,-1.4025928008813677
155.94457184758275,-1.4107975377079587
157.97995614916778,-1.4107975377079587
157.97995614916778,5.032438758324032
160.0458436497695,5.032438758324032
160.0458436497695,-0.7739344661975738
162.08732065256046,-0.7739344661975738
162.08732065256046,4.431492130360255
164.1379755776289,4.431492130360255
164.1379755776289,-4.087952955995404
166.21648867943688,-4.087952955995404
166.21648867943688,3.4169544980103757
168.27019977981928,3.4169544980103757
168.27019977981928,5.411295243516719
170.35428972004382,5.411295243516719
170.35428972004382,3.6023850815797527
172.37335840233115,3.6023850815797527
172.37335840233115,-0.9180059795346479
174.4393382991754,-0.9180059795346479
174.4393382991754,-0.3673661169704096
176.44263104739088,-0.3673661169704096
176.44263104739088,10.7586639742672
178.5050915905129,10.7586639742672
178.5050915905129,-0.028466935796545134
180.50686436990208,-0.028466935796545134
180.50686436990208,-5.276055255567634
182.6015748478305,-5.276055255567634
182.6015748478305,-2.5096886467093316
184.6395406574774,-2.5096886467093316
184.6395406574774,5.898136130875878
186.663367687498,5.898136130875878
186.663367687498,-1.9532533407371135
188.7115559036207,-1.9532533407371135
188.7115559036207,1.0736016852868429
190.71914554548593,1.0736016852868429
190.71914554548593,1.4123839559119182
192.7358547414823,1.4123839559119182
192.7358547414823,-0.30953655945756064
194.75089800715745,-0.30953655945756064
194.75089800715745,5.391811447033056
196.78388301210302,5.391811447033056
196.78388301210302,-0.15614178907935733
198.8328160243966,-0.15614178907935733
198.8328160243966,4.234619871837921
200.877730400024,4.234619871837921
200.877730400024,-2.2534407001254477
202.96572262952114,-2.2534407001254477
202.96572262952114,-8.91624596702901
205.03606988536546,-8.91624596702901
205.03606988536546,-0.5305146251654547
207.06534771273908,-0.5305146251654547
207.06534771273908,3.0297726521217494
209.09473862684706,3.0297726521217494
209.09473862684706,1.0167013460438117
211.16213477288002,1.0167013460438117
211.16213477288002,1.380193466489378
213.19736931411634,1.380193466489378
213.19736931411634,4.367960754134737
215.24246092679982,4.367960754134737
215.24246092679982,0.8365582942970269
217.27646233315176,0.8365582942970269
217.27646233315176,-6.257261366372164
219.28005606920044,-6.257261366372164
219.28005606920044,2.8625488725486026
221.33340165566554,2.8625488725486026
221.33340165566554,-2.8865913782025387
223.3870635188631,-2.8865913782025387
223.3870635188631,7.463620325872816
225.43217766315007,7.463620325872816
225.43217766315007,8.595782945504805
227.49370812448151,8.595782945504805
227.49370812448151,-5.897512720353272
229.52913827798727,-5.897512720353272
229.52913827798727,1.9284971129617179
231.56318552557298,1.9284971129617179
231.56318552557298,-3.1725601743572396
233.5667003357355,-3.1725601743572396
233.5667003357355,3.086762916992874
235.59160693965754,3.086762916992874
235.59160693965754,6.190622414187904
237.60719984467465,6.190622414187904
237.60719984467465,6.686005812868857
239.66640085634685,6.686005812868857
239.66640085634685,-5.286204898349263
241.667867911918,-5.286204898349263
241.667867911918,-8.758406604418813
243.70995860652417,-8.758406604418813
243.70995860652417,3.5813505997582302
245.8031525652693,3.5813505997582302
245.8031525652693,0.10067176652468818
247.87762204962252,0.10067176652468818
247.87762204962252,1.8248793178407547
249.9358422704034,1.8248793178407547
249.9358422704034,0.009706223663930286
252.0212691730202,0.009706223663930286
252.0212691730202,-0.1980482146883769
254.10184086019225,-0.1980482146883769
254.10184086019225,3.057222528800872
256.19358859518445,3.057222528800872
256.19358859518445,3.4497996285774746
258.202917838003,3.4497996285774746
258.202917838003,-5.333645057381508
260.26266533036926,-5.333645057381508
260.26266533036926,-7.6711620655265635
262.3148538250267,-7.6711620655265635
262.3148538250267,-1.365482914444223
264.33680254560744,-1.365482914444223
264.33680254560744,5.266404181120877
266.4098176966567,5.266404181120877
266.4098176966567,2.8789763786031703
268.4877378388459,2.8789763786031703
268.4877378388459,-3.613752587198253
270.58715926394893,-3.613752587198253
270.58715926394893,2.7137015705825918
272.6278987906654,2.7137015705825918
272.6278987906654,-6.473770622006716
274.71892657826106,-6.473770622006716
274.71892657826106,-4.775955919547417
276.75370899943135,-4.775955919547417
276.75370899943135,-1.7575253675615654
278.8476615759188,-1.7575253675615654
278.8476615759188,-0.9765461833940381
280.90801870365993,-0.9765461833940381
280.90801870365993,-3.808172418154454
283.00111784479344,-3.808172418154454
283.00111784479344,-2.7639068273419944
285.09892139807926,-2.7639068273419944
285.09892139807926,8.12611089976371
287.10857302523846,8.12611089976371
287.10857302523846,-0.2693408863340381
289.13157026402314,-0.2693408863340381
289.13157026402314,2.670703897216893
291.145343363473,2.670703897216893
291.145343363473,3.930517837056842
293.2388487457188,3.930517837056842
293.2388487457188,-7.722286933588556
295.2486916581762,-7.722286933588556
295.2486916581762,-9.426500119228935
297.27587667227186,-9.426500119228935
297.27587667227186,0.6413627390767919
299.2905632896672,0.6413627390767919
299.2905632896672,10.865616269597073
301.33222522106263,10.865616269597073
301.33222522106263,9.215082115761367
303.3532267743191,9.215082115761367
303.3532267743191,-9.177326766107538E-4
305.40530657934335,-9.177326766107538E-4
305.40530657934335,3.5499649964286673
307.4573050781408,3.5499649964286673
307.4573050781408,-0.4898407243169694
309.5564447344858,-0.4898407243169694
309.5564447344858,0.6224437109943901
311.56397300878297,0.6224437109943901
311.56397300878297,-3.3956028629002373
313.6050910485182,-3.3956028629002373
313.6050910485182,2.043201008093133
315.6398294315967,2.043201008093133
315.6398294315967,-4.7482353768647565
317.6499272254593,-4.7482353768647565
317.6499272254593,2.8079864834128934
319.73753700375494,2.8079864834128934
319.73753700375494,-2.0109670679752445
321.83239916211704,-2.0109670679752445
321.83239916211704,-10.945112741115326
323.9304073278142,-10.945112741115326
323.9304073278142,-0.5210833718936314
325.9990303384924,-0.5210833718936314
325.9990303384924,7.668274538016108
328.0440938765738,7.668274538016108
328.0440938765738,-0.42246321679867743
330.05793191116305,-0.42246321679867743
330.05793191116305,3.4671442172074727
332.1104276554494,3.4671442172074727
332.1104276554494,5.347839853025192
334.1216926093052,5.347839853025192
334.1216926093052,-4.318039096896149
336.1653112093328,-4.318039096896149
336.1653112093328,-0.392100993720158
338.2494301690127,-0.392100993720158
338.2494301690127,-0.7258219261021498
340.2663145116823,-0.7258219261021498
340.2663145116823,-2.648846780059926
342.30015119387014,-2.648846780059926
342.30015119387014,-5.682388567841481
344.3327035394332,-5.682388567841481
344.3327035394332,-3.865880040985183
346.3985055376532,-3.865880040985183
346.3985055376532,1.7112009388789715
348.48716583915166,1.7112009388789715
348.48716583915166,11.251713317190307
350.56539978591843,11.251713317190307
350.56539978591843,4.147118479407295
352.6313611954424,4.147118479407295
352.6313611954424,4.504434189934503
354.67528050668653,4.504434189934503
354.67528050668653,-3.6516242702493313
356.71892035339056,-3.6516242702493313
356.71892035339056,2.7010217278700592
358.76523743383024,2.7010217278700592
358.76523743383024,-9.84697413274382
360.0,-9.84697413274382
# Sen5.sensor_w #9
0.0,0.0
2.0963110871924293,0.0
2.0963110871924293,3.694556247514032
4.101311040584393,3.694556247514032
4.101311040584393,5.33725358675503
6.112125358505561,5.33725358675503
6.112125358505561,4.370050041127006
8.198461077475708,4.370050041127006
8.198461077475708,-7.445223983513975
10.22364831899457,-7.445223983513975
10.22364831899457,8.725340904202758
12.317045018958474,8.725340904202758
12.317045018958474,-0.7889728205971075
14.340453783691231,-0.7889728205971075
14.340453783691231,3.251059969777647
16.39630545050772,3.251059969777647
16.39630545050772,1.1218749585280354
18.476993288932356,1.1218749585280354
18.476993288932356,-1.0858214917425257
20.489675747038813,-1.0858214917425257
20.489675747038813,0.8530287504311054
22.56289535490896,0.8530287504311054
22.56289535490896,5.709019430134474
24.629413051057362,5.709019430134474
24.629413051057362,1.6468828628247687
26.72548849635592,1.6468828628247687
26.72548849635592,-1.0321840112408682
28.78215443988562,-1.0321840112408682
28.78215443988562,2.6230575259079574
30.814677147511944,2.6230575259079574
30.814677147511944,-3.895853054944104
32.83537712762579,-3.895853054944104
32.83537712762579,-2.8714277138894073
34.90380609001169,-2.8714277138894073
34.90380609001169,-0.20633292997932545
36.98200366676561,-0.20633292997932545
36.98200366676561,-2.330918841586868
39.01291606651117,-2.330918841586868
39.01291606651117,-3.1518951789218925
41.08380336923583,-3.1518951789218925
41.08380336923583,-5.4374688188789495
43.09529129563892,-5.4374688188789495
43.09529129563892,5.41563981197469
45.152362495922695,5.41563981197469
45.152362495922695,-5.409699311689238
47.196682717390566,-5.409699311689238
47.196682717390566,6.813565145857405
49.25137467883386,6.813565145857405
49.25137467883386,-3.9812395332482042
51.343045764873715,-3.9812395332482042
51.343045764873715,0.2899863341241126
53.361525192964834,0.2899863341241126
53.361525192964834,-7.266252669421181
55.434397856626695,-7.266252669421181
55.434397856626695,-0.36743463934238335
57.46427188559069,-0.36743463934238335
57.46427188559069,-3.636445281625251
59.49237241639509,-3.636445281625251
59.49237241639509,0.123477232556084
61.50168326647707,0.123477232556084
61.50168326647707,8.870762687779205
63.52336303649228,8.870762687779205
63.52336303649228,8.126670560600472
65.5806324684652,8.126670560600472
65.5806324684652,-3.165784393850812
67.6579158987404,-3.165784393850812
67.6579158987404,0.4548139104856916
69.75037130782981,0.4548139104856916
69.75037130782981,1.721030174323628
71.8428332740424,1.721030174323628
71.8428332740424,-5.8524839722800355
73.88644902988317,-5.8524839722800355
73.88644902988317,-9.119924527474897
75.88740913188519,-9.119924527474897
75.88740913188519,1.5163899958363005
77.91315363103482,1.5163899958363005
77.91315363103482,3.5359096608701406
79.91851578026959,3.5359096608701406
79.91851578026959,-3.7854394281385986
81.93089577613263,-3.7854394281385986
81.93089577613263,-6.090126281812454
83.98046461970387,-6.090126281812454
83.98046461970387,0.9296520097978744
86.03579554879404,0.9296520097978744
86.03579554879404,-1.6622202956316383
88.11595980730596,-1.6622202956316383
88.11595980730596,-2.9421338189339297
90.162412902999,-2.9421338189339297
90.162412902999,-7.063253525512339
92.24401036840038,-7.063253525512339
92.24401036840038,5.101376626340217
94.31556843446197,5.101376626340217
94.31556843446197,0.1583394964364806
96.31654460806485,0.1583394964364806
96.31654460806485,-2.523320610657655
98.38252397773654,-2.523320610657655
98.38252397773654,-5.0569049247056
100.38296281344114,-5.0569049247056
100.38296281344114,3.222549380072206
102.4284941221502,3.222549380072206
102.4284941221502,-4.734926983439658
104.50611517316038,-4.734926983439658
104.50611517316038,6.527718944362499
106.5549409802104,6.527718944362499
106.5549409802104,1.7190875003901318
108.61827089350307,1.7190875003901318
108.61827089350307,0.7957842826365202
110.64614993167666,0.7957842826365202
110.64614993167666,-6.065761058473811
112.70972542999392,-6.065761058473811
112.70972542999392,2.652350109319959
114.72499851578918,2.652350109319959
114.72499851578918,-7.029171525151124
116.7510443332033,-7.029171525151124
116.7510443332033,0.4943373732204317
118.77325593700024,0.4943373732204317
118.77325593700024,-1.440676238880724
120.77693067981245,-1.440676238880724
120.77693067981245,-4.050928977837373
122.80788274950176,-4.050928977837373
122.80788274950176,-6.700877147064395
124.83030063675534,-6.700877147064395
124.83030063675534,13.135531873313816
126.92755379093407,13.135531873313816
126.92755379093407,-4.5806310697354515
129.0112844986476,-4.5806310697354515
129.0112844986476,-8.566486372996746
131.07729571555802,-8.566486372996746
131.07729571555802,-3.875114982804547
133.1367415750699,-3.875114982804547
133.1367415750699,-5.031501414945884
135.19691008992567,-5.031501414945884
135.19691008992567,-5.993818551125829
137.28090146283682,-5.993818551125829
137.28090146283682,0.06349415363965408
139.32271741297615,0.06349415363965408
139.32271741297615,-3.5800210456719777
141.393469422578,-3.5800210456719777
141.393469422578,2.561468603761055
143.41448443912623,2.561468603761055
143.41448443912623,-7.666437273793458
145.50846585240987,-7.666437273793458
145.50846585240987,-7.008681040351422
147.56110158254523,-7.008681040351422
147.56110158254523,1.915870815985299
149.60915050314858,1.915870815985299
149.60915050314858,-7.433790053376452
151.63778622268643,-7.433790053376452
151.63778622268643,0.476247520255911
153.69593811663162,0.476247520255911
153.69593811663162,0.7968531544967622
155.7091366500762,0.7968531544967622
155.7091366500762,3.326406256729768
157.73200583000943,3.326406256729768
157.73200583000943,3.2381548694604874
159.82314005878916,3.2381548694604874
159.82314005878916,-0.7368848363949866
161.89331263484183,-0.7368848363949866
161.89331263484183,-4.770112800993789
163.93479987372382,-4.770112800993789
163.93479987372382,-6.338570253834335
165.9861183255092,-6.338570253834335
165.9861183255092,-9.778589546567472
168.07060209207341,-9.778589546567472
168.07060209207341,10.639273824051704
170.09915371066583,10.639273824051704
170.09915371066583,7.685757021319096
172.1246333556218,7.685757021319096
172.1246333556218,0.5081761096479673
174.13786305412322,0.5081761096479673
174.13786305412322,-2.379657848351953
176.20980725984217,-2.379657848351953
176.20980725984217,-6.329125441857131
178.260376061904,-6.329125441857131
178.260376061904,-0.5032191056103799
180.2928451374263,-0.5032191056103799
180.2928451374263,2.1044173190629576
182.3563519791323,2.1044173190629576
182.3563519791323,1.1107445315406599
184.39762880452227,1.1107445315406599
184.39762880452227,-12.273833797634769
186.4538337644586,-12.273833797634769
186.4538337644586,-4.336658821733293
188.51063161205263,-4.336658821733293
188.51063161205263,-1.947618101347781
190.58626749190174,-1.947618101347781
190.58626749190174,6.947112049290971
192.64969618476164,6.947112049290971
192.64969618476164,-2.4784213118975855
194.7433962753559,-2.4784213118975855
194.7433962753559,0.9254479322963362
196.81493408423975,0.9254479322963362
196.81493408423975,3.4297179576789327
198.84316823271251,3.4297179576789327
198.84316823271251,-16.588401228463315
200.85214112983203,-16.588401228463315
200.85214112983203,-2.461498380669704
202.9158477507736,-2.461498380669704
202.9158477507736,-6.137752400130472
205.0156772909878,-6.137752400130472
205.0156772909878,-7.014664777554377
207.03883620355793,-7.014664777554377
207.03883620355793,1.0072934966490121
209.09466214716664,1.0072934966490121
209.09466214716664,-0.023291015258893252
211.15351398141343,-0.023291015258893252
211.15351398141343,-1.601586558183509
213.19140461555668,-1.601586558183509
213.19140461555668,-0.4762950141297661
215.22962209659605,-0.4762950141297661
215.22962209659605,-11.232786726505848
217.26903933935006,-11.232786726505848
217.26903933935006,-4.870231573109269
219.3194121918412,-4.870231573109269
219.3194121918412,0.7859149998284304
221.35200056709172,0.7859149998284304
221.35200056709172,-2.3277196031019023
223.38909454108958,-2.3277196031019023
223.38909454108958,-6.981693089054688
225.45868225261367,-6.981693089054688
225.45868225261367,-9.151022970646391
227.51189228642622,-9.151022970646391
227.51189228642622,7.639981953376351
229.5233053632255,7.639981953376351
229.5233053632255,-0.09491922964446634
231.60860566631752,-0.09491922964446634
231.60860566631752,0.8480115339711936
233.66160079983376,0.8480115339711936
233.66160079983376,1.2750390643315777
235.6814681817994,1.2750390643315777
235.6814681817994,-5.425919224850775
237.7328540933767,-5.425919224850775
237.7328540933767,-0.13749931532916226
239.7806540451925,-0.13749931532916226
239.7806540451925,5.342220443599941
241.78076128882623,5.342220443599941
241.78076128882623,0.9016421479949681
243.78142164707907,0.9016421479949681
243.78142164707907,2.9416930777264505
245.87777678090026,2.9416930777264505
245.87777678090026,-4.3669461126301625
247.88240039575717,-4.3669461126301625
247.88240039575717,8.629196001072629
249.97771996397094,8.629196001072629
249.97771996397094,1.8549767598753464
251.98576954743083,1.8549767598753464
251.98576954743083,-3.566297360658895
253.9953208409966,-3.566297360658895
253.9953208409966,0.6950446288825217
256.08525335622977,0.6950446288825217
256.08525335622977,-1.8343957825718835
258.12843921751545,-1.8343957825718835
258.12843921751545,0.8143980614658917
260.1705707320563,0.8143980614658917
260.1705707320563,-5.512773339946752
262.18833740384747,-5.512773339946752
262.18833740384747,3.622786956197111
264.2016792342626,3.622786956197111
264.2016792342626,-1.1634405713356872
266.28250214632556,-1.1634405713356872
266.28250214632556,-2.8401328154168515
268.38088251776765,-2.8401328154168515
268.38088251776765,-13.795648353029048
270.42423175392264,-13.795648353029048
270.42423175392264,1.750180326781324
272.49080831073184,1.750180326781324
272.49080831073184,-2.2155324972294106
274.5840013236795,-2.2155324972294106
274.5840013236795,-1.9648337673816179
276.6690028354568,-1.9648337673816179
276.6690028354568,6.528448108314238
278.7188276141928,6.528448108314238
278.7188276141928,-2.909390596052077
280.7261380531409,-2.909390596052077
280.7261380531409,-3.6199698851202147
282.80377006749944,-3.6199698851202147
282.80377006749944,-0.22018234888651966
284.89621088149784,-0.22018234888651966
284.89621088149784,-2.494399198571573
286.92193978943385,-2.494399198571573
286.92193978943385,-3.8569142937608163
288.9465334216136,-3.8569142937608163
288.9465334216136,-0.5395251694545713
290.98937619933935,-0.5395251694545713
290.98937619933935,1.876033844175939
292.99879831778935,1.876033844175939
292.99879831778935,4.106427702219265
295.0099579467222,4.106427702219265
295.0099579467222,-0.4642298236321586
297.0520697663205,-0.4642298236321586
297.0520697663205,2.9142121243025363
299.0648495003718,2.9142121243025363
299.0648495003718,-1.0229680040889144
301.11445444625815,-1.0229680040889144
301.11445444625815,-4.695757228794824
303.1897218864888,-4.695757228794824
303.1897218864888,5.350411490412413
305.2720142485771,5.350411490412413
305.2720142485771,-4.956130272904357
307.2865329845078,-4.956130272904357
307.2865329845078,-5.6185090374188285
309.32853343337496,-5.6185090374188285
309.32853343337496,-6.167331209113654
311.41428750661805,-6.167331209113654
311.41428750661805,-2.399567158838841
313.42587056643515,-2.399567158838841
313.42587056643515,-2.271474563153801
315.47696470366606,-2.271474563153801
315.47696470366606,-10.966318519329477
317.52718443682807,-10.966318519329477
317.52718443682807,-6.066823032556565
319.6028346981975,-6.066823032556565
319.6028346981975,8.201144325489151
321.60530181621533,8.201144325489151
321.60530181621533,-10.544432089370456
323.6474619348111,-10.544432089370456
323.6474619348111,10.149195619629783
325.70357671105234,10.149195619629783
325.70357671105234,-1.1150735676806283
327.79512323117495,-1.1150735676806283
327.79512323117495,2.4837107677498342
329.85023694189454,2.4837107677498342
329.85023694189454,-5.212140770598421
331.8806949902535,-5.212140770598421
331.8806949902535,-6.891529048552981
333.9335303349808,-6.891529048552981
333.9335303349808,2.768446451689271
336.02469768691367,2.768446451689271
336.02469768691367,2.9786681346130095
338.0551414659672,2.9786681346130095
338.0551414659672,-0.3847780973211332
340.1302207144196,-0.3847780973211332
340.1302207144196,-6.997246404781975
342.21527958605657,-6.997246404781975
342.21527958605657,1.2099059800847711
344.2561552156488,1.2099059800847711
344.2561552156488,-4.568494377139247
346.35205585686396,-4.568494377139247
346.35205585686396,-1.2644066918521708
348.36687729842424,-1.2644066918521708
348.36687729842424,5.786625978810811
350.4267849250491,5.786625978810811
350.4267849250491,5.082411210893301
352.4311742217777,5.082411210893301
352.4311742217777,-3.1669315840891894
354.4627591691248,-3.1669315840891894
354.4627591691248,-4.186981816617548
356.5055916422552,-4.186981816617548
356.5055916422552,-4.495088046103325
358.5761600594368,-4.495088046103325
358.5761600594368,-0.894087976359173
360.0,-0.894087976359173
# Sen5.sensor_w #10
0.0,0.0
2.0876357836814696,0.0
2.0876357836814696,7.219008052402808
4.135883697551118,7.219008052402808
4.135883697551118,-1.791566929376066
6.145323429942203,-1.791566929376066
6.145323429942203,0.774597750084564
8.216137913221319,0.774597750084564
8.216137913221319,-0.2672300805467182
10.248051225489755,-0.2672300805467182
10.248051225489755,-0.9224589268414349
12.285558764639722,-0.9224589268414349
12.285558764639722,11.567408375199493
14.339874248536473,11.567408375199493
14.339874248536473,9.36674856523233
16.403526845294625,9.36674856523233
16.403526845294625,-3.9080843546552235
18.49981364882489,-3.9080843546552235
18.49981364882489,2.2563544706290926
20.543984355723797,2.2563544706290926
20.543984355723797,-4.731142398464387
22.56165696060505,-4.731142398464387
22.56165696060505,5.307845625222494
24.616714931609422,5.307845625222494
24.616714931609422,-4.590711828162245
26.64417349752445,-4.590711828162245
26.64417349752445,3.7549460283520864
28.73992447527655,3.7549460283520864
28.73992447527655,0.2740533015669536
30.807307425518257,0.2740533015669536
30.807307425518257,-1.7211509936357159
32.8478510055968,-1.7211509936357159
32.8478510055968,8.572281589885543
34.90357841727692,8.572281589885543
34.90357841727692,-0.9015260974215095
36.990350374410845,-0.9015260974215095
36.990350374410845,3.067575157590399
39.08453465892569,3.067575157590399
39.08453465892569,3.4525995303335333
41.17868313772028,3.4525995303335333
41.17868313772028,12.285475166947343
43.19114713232391,12.285475166947343
43.19114713232391,-3.8556772826192187
45.27941800135008,-3.8556772826192187
45.27941800135008,7.886389862733704
47.32602987945467,7.886389862733704
47.32602987945467,6.959337664896735
49.37009324838332,6.959337664896735
49.37009324838332,-2.83619244596271
51.44258316615235,-2.83619244596271
51.44258316615235,-1.6185021562385902
53.52270412394957,-1.6185021562385902
53.52270412394957,-4.104916488975434
55.610779904156686,-4.104916488975434
55.610779904156686,3.327392445285504
57.67402811898841,3.327392445285504
57.67402811898841,4.710592103583068
59.77053808288099,4.710592103583068
59.77053808288099,7.832454915782208
61.83129762499842,7.832454915782208
61.83129762499842,1.7744892386404514
63.86177039821884,1.7744892386404514
63.86177039821884,-1.3648551854988145
65.89799051318535,-1.3648551854988145
65.89799051318535,-5.431993761861852
67.97055306882923,-5.431993761861852
67.97055306882923,-4.626085694352465
70.03541026962635,-4.626085694352465
70.03541026962635,0.23765643669845393
72.04212163272017,0.23765643669845393
72.04212163272017,4.020843210970865
74.10512655139594,4.020843210970865
74.10512655139594,-0.9037269919552073
76.15091586173195,-0.9037269919552073
76.15091586173195,-3.53266032668752
78.1570541821853,-3.53266032668752
78.1570541821853,-3.517047195935362
80.17252969338686,-3.517047195935362
80.17252969338686,7.898298095720072
82.27236777114302,7.898298095720072
82.27236777114302,6.58530243943979
84.33914438823041,6.58530243943979
84.33914438823041,0.1763642828821071
86.40353521932214,0.1763642828821071
86.40353521932214,-1.3326763862338002
88.4235538809263,-1.3326763862338002
88.4235538809263,1.9737220524665702
90.45812732374348,1.9737220524665702
90.45812732374348,6.820003393807359
92.50759359612965,6.820003393807359
92.50759359612965,2.881579683519289
94.57204915735299,2.881579683519289
94.57204915735299,-4.581627123900783
96.57705849561259,-4.581627123900783
96.57705849561259,11.273095422285802
98.63958040985972,11.273095422285802
98.63958040985972,3.639618762618179
100.73204449122555,3.639618762618179
100.73204449122555,-6.664428836790115
102.78206289560308,-6.664428836790115
102.78206289560308,-4.082497514356122
104.78684065289093,-4.082497514356122
104.78684065289093,2.7347514539591824
106.83143781286883,2.7347514539591824
106.83143781286883,-2.7760053920469367
108.91877849941604,-2.7760053920469367
108.91877849941604,-3.2184118970958258
110.93647315384806,-3.2184118970958258
110.93647315384806,-7.618913102216989
113.03543476593967,-7.618913102216989
113.03543476593967,-2.302002697024192
115.04576466664483,-2.302002697024192
115.04576466664483,-4.0205123232575986
117.09968923279901,-4.0205123232575986
117.09968923279901,-0.38189276600265026
119.10448090780771,-0.38189276600265026
119.10448090780771,1.3320876450740162
121.13772406365959,1.3320876450740162
121.13772406365959,-2.576394393809692
123.16031659471096,-2.576394393809692
123.16031659471096,7.264485072189962
125.22227195816916,7.264485072189962
125.22227195816916,8.54162578021896
127.22902372438786,8.54162578021896
127.22902372438786,-0.9275064833636031
129.3109939642375,-0.9275064833636031
129.3109939642375,-2.0740480155648324
131.3540201695061,-2.0740480155648324
131.3540201695061,4.3620467743451625
133.43489836048582,4.3620467743451625
133.43489836048582,9.665941393640953
135.50951466806467,9.665941393640953
135.50951466806467,-3.6506019278805732
137.58866148557922,-3.6506019278805732
137.58866148557922,-1.6674706944296225
139.64670715177618,-1.6674706944296225
139.64670715177618,4.986416728051421
141.73822608113505,4.986416728051421
141.73822608113505,6.92145307340322
143.74868427403945,6.92145307340322
143.74868427403945,-3.5591006961545384
145.84346184548605,-3.5591006961545384
145.84346184548605,9.380463182722012
147.90187176062864,9.380463182722012
147.90187176062864,-2.1854031050682594
149.99648058788566,-2.1854031050682594
149.99648058788566,-2.449573256930058
152.0782315693439,-2.449573256930058
152.0782315693439,4.147907903922544
154.13806741315554,4.147907903922544
154.13806741315554,-1.6518151902317133
156.14795420012575,-1.6518151902317133
156.14795420012575,7.234948265635461
158.16712572589643,7.234948265635461
158.16712572589643,-4.046676790372437
160.22714055137357,-4.046676790372437
160.22714055137357,-8.745183230670122
162.23925357017305,-8.745183230670122
162.23925357017305,-4.602047757921296
164.29826946154796,-4.602047757921296
164.29826946154796,-0.7135198166264136
166.3923311543885,-0.7135198166264136
166.3923311543885,-1.8550970449947057
168.43972344801298,-1.8550970449947057
168.43972344801298,-4.6788323454447465
170.46351040410804,-4.6788323454447465
170.46351040410804,5.198356793766728
172.49135464597478,5.198356793766728
172.49135464597478,-1.0076858743533454
174.5581900012807,-1.0076858743533454
174.5581900012807,-4.379975570145291
176.62190839536456,-4.379975570145291
176.62190839536456,-0.6076940171367069
178.64783879988784,-0.6076940171367069
178.64783879988784,-6.163494183031451
180.72539990078604,-6.163494183031451
180.72539990078604,-4.974032949179329
182.72562459725827,-4.974032949179329
182.72562459725827,-2.457885968473411
184.80120381461936,-2.457885968473411
184.80120381461936,6.535354004793831
186.8947570289667,6.535354004793831
186.8947570289667,-6.4119271836767595
188.97899184147306,-6.4119271836767595
188.97899184147306,1.7133903978354552
191.0463718914374,1.7133903978354552
191.0463718914374,-4.726664794690485
193.10513692283465,-4.726664794690485
193.10513692283465,6.46614997304871
195.19589794618855,6.46614997304871
195.19589794618855,2.5121774176464284
197.23709609404509,2.5121774176464284
197.23709609404509,3.4825636515129736
199.30972613612684,3.4825636515129736
199.30972613612684,0.5273717567409135
201.32273045470436,0.5273717567409135
201.32273045470436,-6.495653452777368
203.35774024399055,-6.495653452777368
203.35774024399055,-1.1357562642516184
205.3833292234228,-1.1357562642516184
205.3833292234228,-3.552814597328075
207.45609629898087,-3.552814597328075
207.45609629898087,-0.2081030759657434
209.4647890007936,-0.2081030759657434
209.4647890007936,-7.963399876526925
211.47225247359566,-7.963399876526925
211.47225247359566,-11.087517668105278
213.48331040682925,-11.087517668105278
213.48331040682925,0.5513693794739716
215.54929272926756,0.5513693794739716
215.54929272926756,-3.542104156227551
217.57978210552463,-3.542104156227551
217.57978210552463,-1.5980432479879205
219.63290460293658,-1.5980432479879205
219.63290460293658,1.2348811266457014
221.7105581423929,1.2348811266457014
221.7105581423929,3.2496285996108796
223.77840630882287,3.2496285996108796
223.77840630882287,3.58372458908656
225.85671692024772,3.58372458908656
225.85671692024772,-2.6244560248670195
227.87965011752522,-2.6244560248670195
227.87965011752522,2.5323125209499375
229.93452116127628,2.5323125209499375
229.93452116127628,-1.2544133860640596
231.96895469168695,-1.2544133860640596
231.96895469168695,1.9996437859871352
234.00266747856415,1.9996437859871352
234.00266747856415,2.435262805011347
236.09185115364934,2.435262805011347
236.09185115364934,2.080319865243653
238.09786275914485,2.080319865243653
238.09786275914485,1.7436917566325265
240.09912870929648,1.7436917566325265
240.09912870929648,3.610149713070369
242.164699906338,3.610149713070369
242.164699906338,-3.7965857600909247
244.20344409269347,-3.7965857600909247
244.20344409269347,9.447377746758317
246.29859094380404,9.447377746758317
246.29859094380404,-5.104247363002314
248.37904723604612,-5.104247363002314
248.37904723604612,-4.8666739848928176
250.40360342961662,-4.8666739848928176
250.40360342961662,-1.7995258126371991
252.47415073690632,-1.7995258126371991
252.47415073690632,2.0644178574143983
254.5169561601678,2.0644178574143983
254.5169561601678,-5.8095350254868485
256.5575226514336,-5.8095350254868485
256.5575226514336,-0.11862235310082159
258.6506684686245,-0.11862235310082159
258.6506684686245,5.856818360484247
260.66644146320925,5.856818360484247
260.66644146320925,0.6847743519873992
262.74236506528695,0.6847743519873992
262.74236506528695,-2.0852983511633294
264.77501980807074,-2.0852983511633294
264.77501980807074,6.929969990715621
266.8618312948658,6.929969990715621
266.8618312948658,-5.557131401552876
268.95575623541976,-5.557131401552876
268.95575623541976,2.6485502598430566
271.0262028157207,2.6485502598430566
271.0262028157207,-2.007815751863715
273.06369893103493,-2.007815751863715
273.06369893103493,1.2370764749154828
275.13038931454184,1.2370764749154828
275.13038931454184,-6.123333553360357
277.18872471589646,-6.123333553360357
277.18872471589646,5.038167818414846
279.2054802607568,5.038167818414846
279.2054802607568,2.3566242186714357
281.2319906048025,2.3566242186714357
281.2319906048025,7.162124116598166
283.2499868856994,7.162124116598166
283.2499868856994,-5.712235844723905
285.34875701618887,-5.712235844723905
285.34875701618887,-3.41163740198608
287.43772337839374,-3.41163740198608
287.43772337839374,2.1968645198555956
289.4867631428636,2.1968645198555956
289.4867631428636,-1.750706491160501
291.56785723369086,-1.750706491160501
291.56785723369086,-1.8016297827372219
293.57825824366904,-1.8016297827372219
293.57825824366904,-5.831931742545137
295.6021081857156,-5.831931742545137
295.6021081857156,0.49997617417024365
297.6511897790457,0.49997617417024365
297.6511897790457,-10.126877687357503
299.71854233685707,-10.126877687357503
299.71854233685707,3.5260230588958033
301.74952629653137,3.5260230588958033
301.74952629653137,8.608481914560631
303.77355458163566,8.608481914560631
303.77355458163566,0.599151718480054
305.8171100409464,0.599151718480054
305.8171100409464,2.792214294286122
307.8720754425972,2.792214294286122
307.8720754425972,-3.1283718916067937
309.8861380340302,-3.1283718916067937
309.8861380340302,10.455723902516
311.8932458869887,10.455723902516
311.8932458869887,2.3757295921628114
313.96650320751206,2.3757295921628114
313.96650320751206,-0.9758075009723248
315.9816511027388,-0.9758075009723248
315.9816511027388,3.8216388737108846
318.06672890884244,3.8216388737108846
318.06672890884244,-1.1033324104282318
320.08655949218144,-1.1033324104282318
320.08655949218144,3.304820752090037
322.1766226312815,3.304820752090037
322.1766226312815,-8.248807879593999
324.25705426497467,-8.248807879593999
324.25705426497467,4.658337317278835
326.29358064278443,4.658337317278835
326.29358064278443,-9.104723919263442
328.30139574867195,-9.104723919263442
328.30139574867195,2.08082167567291
330.36975071623795,2.08082167567291
330.36975071623795,-2.935280090962107
332.38264662363014,-2.935280090962107
332.38264662363014,-5.49911054182769
334.4337635381422,-5.49911054182769
334.4337635381422,-4.3192618973993175
336.47650593962055,-4.3192618973993175
336.47650593962055,-7.618028297174902
338.55007228105444,-7.618028297174902
338.55007228105444,-2.320610949228558
340.59258510330017,-2.320610949228558
340.59258510330017,0.6928261833691656
342.6479382577987,0.6928261833691656
342.6479382577987,-2.585645848979645
344.73693833762024,-2.585645848979645
344.73693833762024,-1.1361878209077796
346.7674669038852,-1.1361878209077796
346.7674669038852,-8.148354331383015
348.8659557862104,-8.148354331383015
348.8659557862104,-0.6044658224777528
350.8730801547779,-0.6044658224777528
350.8730801547779,2.6744631222852355
352.9279989872116,2.6744631222852355
352.9279989872116,-1.052423597612569
354.96947065464633,-1.052423597612569
354.96947065464633,-8.923684200717739
356.97707421584977,-8.923684200717739
356.97707421584977,-11.476739906186925
359.07566497376996,-11.476739906186925
359.07566497376996,3.2442466646124943
360.0,3.2442466646124943
# Sen10.sensor_w #1
0.0,0.0
2.090731077658449,0.0
2.090731077658449,15.434451435836852
4.121357133810691,15.434451435836852
4.121357133810691,-1.8694516690174265
6.1768604204650766,-1.8694516690174265
6.1768604204650766,-3.5572049954944074
8.250597926915324,-3.5572049954944074
8.250597926915324,-22.61653126185848
10.319882550656217,-22.61653126185848
10.319882550656217,9.606393494189398
12.418730760521534,9.606393494189398
12.418730760521534,11.93640939196458
14.511434668558225,11.93640939196458
14.511434668558225,-16.38411365276885
16.532658725091768,-16.38411365276885
16.532658725091768,20.701557718098087
18.59020576277874,20.701557718098087
18.59020576277874,6.652998784026175
20.664855038814135,6.652998784026175
20.664855038814135,9.70797056105404
22.677288209620773,9.70797056105404
22.677288209620773,8.582984248373625
24.701808340006444,8.582984248373625
24.701808340006444,5.057111589770447
26.733468249240442,5.057111589770447
26.733468249240442,3.8634331884408146
28.747585778856227,3.8634331884408146
28.747585778856227,4.040568147553818
30.80115026886759,4.040568147553818
30.80115026886759,3.286038649314408
32.89030418508742,3.286038649314408
32.89030418508742,-0.9736645203202225
34.95209691813487,-0.9736645203202225
34.95209691813487,-9.45037926473328
37.04121171319963,-9.45037926473328
37.04121171319963,-4.941241890098498
39.101111029369,-4.941241890098498
39.101111029369,-20.8254068920373
41.161283889467285,-20.8254068920373
41.161283889467285,7.970911719754735
43.23384174373603,7.970911719754735
43.23384174373603,21.678377022774495
45.25960246624564,21.678377022774495
45.25960246624564,-0.5818179940772049
47.32936119112546,-0.5818179940772049
47.32936119112546,4.293593570511001
49.37622080437831,4.293593570511001
49.37622080437831,7.302112615289962
51.37656894127833,7.302112615289962
51.37656894127833,5.414490704082702
53.401444478048916,5.414490704082702
53.401444478048916,-1.1922360666358942
55.479402416243616,-1.1922360666358942
55.479402416243616,1.3166537233332622
57.53837766973064,1.3166537233332622
57.53837766973064,-3.616244445159753
59.63101511457007,-3.616244445159753
59.63101511457007,-3.9778103799463045
61.64188446096616,-3.9778103799463045
61.64188446096616,-25.52265610052853
63.68469037969139,-25.52265610052853
63.68469037969139,-3.4800941024700993
65.70695907139687,-3.4800941024700993
65.70695907139687,-22.70387585822634
67.7943008806825,-22.70387585822634
67.7943008806825,-2.684961666147675
69.82924463488268,-2.684961666147675
69.82924463488268,-1.1905727550645127
71.88290654082141,-1.1905727550645127
71.88290654082141,10.859720166195935
73.90837115225195,10.859720166195935
73.90837115225195,6.060320462972694
75.97776930722209,6.060320462972694
75.97776930722209,-19.811846217332267
78.04939461850562,-19.811846217332267
78.04939461850562,-2.4179116857833547
80.11107224495606,-2.4179116857833547
80.11107224495606,-20.35758856700062
82.1882790632569,-20.35758856700062
82.1882790632569,-3.112798271678974
84.20645144237427,-3.112798271678974
84.20645144237427,23.493910476588905
86.30158766208372,23.493910476588905
86.30158766208372,-9.044625568791725
88.38665367407403,-9.044625568791725
88.38665367407403,9.510273329031795
90.4781060510852,9.510273329031795
90.4781060510852,8.747654920024697
92.57800400554459,8.747654920024697
92.57800400554459,3.351139412083481
94.63740250520735,3.351139412083481
94.63740250520735,-10.39589238560392
96.7275228278836,-10.39589238560392
96.7275228278836,-1.441073428223215
98.82078095459217,-1.441073428223215
98.82078095459217,-21.814257496716877
100.84604418169535,-21.814257496716877
100.84604418169535,8.775402636435702
102.87403176162674,8.775402636435702
102.87403176162674,12.432212866586523
104.87686858213314,12.432212866586523
104.87686858213314,-5.713844976043696
106.91397720348354,-5.713844976043696
106.91397720348354,-20.207264254371
108.92923467626116,-20.207264254371
108.92923467626116,16.75183827370006
111.02791274435636,16.75183827370006
111.02791274435636,-17.39519024585838
113.09021817931236,-17.39519024585838
113.09021817931236,-24.94172003919671
115.15545364056034,-24.94172003919671
115.15545364056034,-1.8363795592988605
117.25268534441147,-1.8363795592988605
117.25268534441147,2.5327091163611524
119.3195211380784,2.5327091163611524
119.3195211380784,-5.443351806448023
121.41520510482931,-5.443351806448023
121.41520510482931,-1.0446277543403546
123.43429248820551,-1.0446277543403546
123.43429248820551,-4.1756562739639875
125.46300380216927,-4.1756562739639875
125.46300380216927,-15.579076876899512
127.55158591613645,-15.579076876899512
127.55158591613645,5.307486776227051
129.60854085079387,5.307486776227051
129.60854085079387,2.205868586274525
131.66368784300033,2.205868586274525
131.66368784300033,21.46385380318857
133.67105331144734,21.46385380318857
133.67105331144734,22.850691315581564
135.73972780006576,22.850691315581564
135.73972780006576,-10.959181182665422
137.82754249775718,-10.959181182665422
137.82754249775718,11.562885017307263
139.90959099985574,11.562885017307263
139.90959099985574,14.230445210529037
141.98852970649534,14.230445210529037
141.98852970649534,-1.8323411990040022
144.0137274302592,-1.8323411990040022
144.0137274302592,4.951190279267922
146.08830765646843,4.951190279267922
146.08830765646843,10.69294720990467
148.08861607262347,10.69294720990467
148.08861607262347,-8.575046176923495
150.16340595540098,-8.575046176923495
150.16340595540098,14.35389535094114
152.23062835508452,14.35389535094114
152.23062835508452,13.42737681285968
154.3098221280479,13.42737681285968
154.3098221280479,-5.9709834092139955
156.3633690938344,-5.9709834092139955
156.3633690938344,-10.815865826826895
158.42699709352212,-10.815865826826895
158.42699709352212,-2.431081748401033
160.48025493874601,-2.431081748401033
160.48025493874601,4.201294987099649
162.50907864171458,4.201294987099649
162.50907864171458,-3.26219532509509
164.56131010252741,-3.26219532509509
164.56131010252741,-4.02932406013466
166.64525772649912,-4.02932406013466
166.64525772649912,-0.6054554296379194
168.65825138429753,-0.6054554296379194
168.65825138429753,-8.845389222383144
170.6708256188294,-8.845389222383144
170.6708256188294,-8.342494692710803
172.76877952167538,-8.342494692710803
172.76877952167538,3.990474182328689
174.7773769878153,3.990474182328689
174.7773769878153,-3.5304365436310627
176.85404606660035,-3.5304365436310627
176.85404606660035,14.183964053894588
178.86397444226907,14.183964053894588
178.86397444226907,8.610915003281681
180.9512650379433,8.610915003281681
180.9512650379433,16.075842944139676
183.01442796828653,16.075842944139676
183.01442796828653,-5.849493737604387
185.01748015744099,-5.849493737604387
185.01748015744099,6.385594549799915
187.02733169368875,6.385594549799915
187.02733169368875,6.091247863565972
189.10991691008255,6.091247863565972
189.10991691008255,7.22684564050356
191.1455326798712,7.22684564050356
191.1455326798712,-7.906273872680502
193.21928003794577,-7.906273872680502
193.21928003794577,8.09238489529393
195.28793975914485,8.09238489529393
195.28793975914485,5.523032730285769
197.38267959351566,5.523032730285769
197.38267959351566,0.19226267842022293
199.42583866201556,0.19226267842022293
199.42583866201556,-13.868383970186649
201.45420331352392,-13.868383970186649
201.45420331352392,-0.0032927868399680073
203.48385088560627,-0.0032927868399680073
203.48385088560627,-12.461901997087665
205.56118073072892,-12.461901997087665
205.56118073072892,-6.250122429530793
207.5632750843013,-6.250122429530793
207.5632750843013,-5.234526090080474
209.6211180321401,-5.234526090080474
209.6211180321401,-1.990116030330561
211.6581586773942,-1.990116030330561
211.6581586773942,-14.72192487739058
213.7551220121685,-14.72192487739058
213.7551220121685,-15.80105998605469
215.84722149595743,-15.80105998605469
215.84722149595743,-8.023297858197317
217.9141048393456,-8.023297858197317
217.9141048393456,8.061878922480693
219.9389297718192,8.061878922480693
219.9389297718192,-3.913585208495496
221.96218356106448,-3.913585208495496
221.96218356106448,-10.886939646659997
224.00167028236373,-10.886939646659997
224.00167028236373,0.7795268932369517
226.04470308396967,0.7795268932369517
226.04470308396967,-4.527909190193861
228.07521432014585,-4.527909190193861
228.07521432014585,-2.357173157650649
230.1355294020305,-2.357173157650649
230.1355294020305,11.826051691770843
232.2339898643791,11.826051691770843
232.2339898643791,-11.10827775671204
234.2638569173178,-11.10827775671204
234.2638569173178,-3.904787581459539
236.27874038156656,-3.904787581459539
236.27874038156656,-7.386178209863333
238.3223198096818,-7.386178209863333
238.3223198096818,14.666642847203178
240.3274979257341,14.666642847203178
240.3274979257341,-13.697408556099928
242.41947040915545,-13.697408556099928
242.41947040915545,1.1824906270205384
244.47869513888426,1.1824906270205384
244.47869513888426,-3.6435553892322448
246.52150877701624,-3.6435553892322448
246.52150877701624,1.993358452790539
248.52355294012492,1.993358452790539
248.52355294012492,-28.094351661330226
250.57501031862586,-28.094351661330226
250.57501031862586,-2.414808042247141
252.62128673083262,-2.414808042247141
252.62128673083262,7.925007976921958
254.65509045661062,7.925007976921958
254.65509045661062,5.849750426538055
256.7032088007743,5.849750426538055
256.7032088007743,9.009092708834391
258.7571231944688,9.009092708834391
258.7571231944688,-7.6526473169674905
260.8272078959042,-7.6526473169674905
260.8272078959042,-7.413895601243878
262.8578605977128,-7.413895601243878
262.8578605977128,6.916947602095025
264.86163685016913,6.916947602095025
264.86163685016913,4.6680996787541496
266.94859231999305,4.6680996787541496
266.94859231999305,9.483700516569389
269.00661188366564,9.483700516569389
269.00661188366564,-17.125815886133665
271.0248504401441,-17.125815886133665
271.0248504401441,9.942956247443862
273.06250008669036,9.942956247443862
273.06250008669036,-3.6881730671667534
275.1530172919207,-3.6881730671667534
275.1530172919207,-8.17989028871695
277.2020422170227,-8.17989028871695
277.2020422170227,11.240346053241932
279.21867567469025,11.240346053241932
279.21867567469025,5.148010331086061
281.2291528814489,5.148010331086061
281.2291528814489,12.637091537318557
283.3148820423112,12.637091537318557
283.3148820423112,-14.315787295859037
285.3970433880551,-14.315787295859037
285.3970433880551,-6.860943761684792
287.40343754766315,-6.860943761684792
287.40343754766315,-1.4453081642612169
289.49865753682343,-1.4453081642612169
289.49865753682343,1.2040241922276862
291.56962175693366,1.2040241922276862
291.56962175693366,-2.821247590492993
293.58672706469,-2.821247590492993
293.58672706469,4.515724951458676
295.60310896514534,4.515724951458676
295.60310896514534,-9.71895774967685
297.6396401890114,-9.71895774967685
297.6396401890114,-15.165086385061477
299.7015836681968,-15.165086385061477
299.7015836681968,-2.689284941748067
301.7405146914103,-2.689284941748067
301.7405146914103,-5.181192301937763
303.7551353611789,-5.181192301937763
303.7551353611789,10.871737556303234
305.819409477552,10.871737556303234
305.819409477552,5.671894080269228
307.90470476133925,5.671894080269228
307.90470476133925,1.0711410127267265
309.9932361856446,1.0711410127267265
309.9932361856446,-0.08104274839808917
312.0459660888769,-0.08104274839808917
312.0459660888769,-6.530476345019798
314.13926429012486,-6.530476345019798
314.13926429012486,-7.488213328150433
316.21147623970523,-7.488213328150433
316.21147623970523,22.616616815979384
318.264038064569,22.616616815979384
318.264038064569,5.152392208374099
320.31368362586824,5.152392208374099
320.31368362586824,-4.30657912983972
322.38059159465985,-4.30657912983972
322.38059159465985,12.330759971725655
324.4416968792693,12.330759971725655
324.4416968792693,-3.9770016528340806
326.4868056811878,-3.9770016528340806
326.4868056811878,15.333518626724675
328.4924751223322,15.333518626724675
328.4924751223322,-3.122948866294139
330.50258292949576,-3.122948866294139
330.50258292949576,-17.537936620750727
332.59081879381114,-17.537936620750727
332.59081879381114,3.42005787454613
334.607547483403,3.42005787454613
334.607547483403,16.72485483062174
336.69978762615546,16.72485483062174
336.69978762615546,5.597790641688779
338.7424498054397,5.597790641688779
338.7424498054397,-20.99251421987891
340.758640502949,-20.99251421987891
340.758640502949,9.51333080018492
342.8212610498149,9.51333080018492
342.8212610498149,1.471032757441537
344.863541118377,1.471032757441537
344.863541118377,2.813267750211769
346.88997269635604,2.813267750211769
346.88997269635604,-5.697899957689807
348.9404264437926,-5.697899957689807
348.9404264437926,1.6850356585206199
351.0192304947012,1.6850356585206199
351.0192304947012,-6.362362553449712
353.02616099941764,-6.362362553449712
353.02616099941764,5.787581558082001
355.07824448927875,5.787581558082001
355.07824448927875,8.74061995487546
357.1475430627671,8.74061995487546
357.1475430627671,4.505848863391303
359.17515404248434,4.505848863391303
359.17515404248434,10.78979267538557
360.0,10.78979267538557
# Sen10.sensor_w #2
0.0,0.0
2.0765384003836465,0.0
2.0765384003836465,-3.391243133207534
4.161568351837699,-3.391243133207534
4.161568351837699,1.581365630082744
6.253263760178592,1.581365630082744
6.253263760178592,-1.585737345201756
8.30841834776697,-1.585737345201756
8.30841834776697,-2.7473773098368293
10.350482297000816,-2.7473773098368293
10.350482297000816,3.376413659229538
12.386204277053148,3.376413659229538
12.386204277053148,-17.706726063741932
14.447133035729305,-17.706726063741932
14.447133035729305,-1.5791644723387734
16.525131848806932,-1.5791644723387734
16.525131848806932,-13.834436308073446
18.582980975284688,-13.834436308073446
18.582980975284688,-15.642780691498928
20.640818666274928,-15.642780691498928
20.640818666274928,-8.425201860436891
22.72936871039139,-8.425201860436891
22.72936871039139,-10.953862518680795
24.82660750713373,-10.953862518680795
24.82660750713373,-29.057581750701086
26.876836047290723,-29.057581750701086
26.876836047290723,-6.1545934721225946
28.954204314237703,-6.1545934721225946
28.954204314237703,-5.086042434979272
30.956305526046346,-5.086042434979272
30.956305526046346,-2.783985974203124
32.99673724807311,-2.783985974203124
32.99673724807311,-4.1123445213286915
35.02053603776344,-4.1123445213286915
35.02053603776344,-15.465575575103319
37.06391816018192,-15.465575575103319
37.06391816018192,0.5257592339606753
39.12299794918918,0.5257592339606753
39.12299794918918,-7.622668875542537
41.18982916181173,-7.622668875542537
41.18982916181173,18.715246536865106
43.22997331169338,18.715246536865106
43.22997331169338,-4.035185667556014
45.25023275932203,-4.035185667556014
45.25023275932203,-3.846597872116538
47.26319802121168,-3.846597872116538
47.26319802121168,-0.9986037978255297
49.32301365509074,-0.9986037978255297
49.32301365509074,-1.6793422697634672
51.38751660712024,-1.6793422697634672
51.38751660712024,12.891869797525096
53.4709842160114,12.891869797525096
53.4709842160114,4.0890805939606745
55.50132876990859,4.0890805939606745
55.50132876990859,1.7890367570020875
57.522386969859106,1.7890367570020875
57.522386969859106,4.943916806144398
59.55529622056091,4.943916806144398
59.55529622056091,6.3241928748777
61.599195117690044,6.3241928748777
61.599195117690044,-0.4020509270679157
63.6647088366099,-0.4020509270679157
63.6647088366099,-4.721542757360378
65.67206862936759,-4.721542757360378
65.67206862936759,-9.14340247543617
67.7046113821265,-9.14340247543617
67.7046113821265,3.5414283125104085
69.73479901005567,3.5414283125104085
69.73479901005567,13.609336978960144
71.76978690228934,13.609336978960144
71.76978690228934,-1.3742828095203778
73.8061500710718,-1.3742828095203778
73.8061500710718,-8.368068929889501
75.8569306500909,-8.368068929889501
75.8569306500909,14.453962164346262
77.8620002816152,14.453962164346262
77.8620002816152,8.785588349927574
79.94249193713601,8.785588349927574
79.94249193713601,14.510694295733806
81.98823278346033,14.510694295733806
81.98823278346033,-1.5527977613104902
84.07447436127113,-1.5527977613104902
84.07447436127113,-4.461702227401679
86.16258607460762,-4.461702227401679
86.16258607460762,4.43273197163561
88.19952636682996,4.43273197163561
88.19952636682996,-6.221882949575007
90.29302241770176,-6.221882949575007
90.29302241770176,-5.34707913205779
92.37459098802391,-5.34707913205779
92.37459098802391,7.722032575368876
94.4086981859148,7.722032575368876
94.4086981859148,-1.7643811108001053
96.44544054969172,-1.7643811108001053
96.44544054969172,-8.305220169089104
98.52405513765555,-8.305220169089104
98.52405513765555,14.387480118626705
100.59569600103917,14.387480118626705
100.59569600103917,24.088293816054993
102.63159661249277,24.088293816054993
102.63159661249277,-14.003704714336841
104.65440403852155,-14.003704714336841
104.65440403852155,2.131780673206234
106.75109494219417,2.131780673206234
106.75109494219417,-1.8918607963457499
108.78419767858018,-1.8918607963457499
108.78419767858018,7.202503338799525
110.83409411131849,7.202503338799525
110.83409411131849,-5.3118612957638245
112.9098580357305,-5.3118612957638245
112.9098580357305,8.494936523639344
114.98651054435521,8.494936523639344
114.98651054435521,-2.4469365854259735
117.05276015893658,-2.4469365854259735
117.05276015893658,5.392304492914946E-4
119.10005203016661,5.392304492914946E-4
119.10005203016661,-1.610321809851448
121.12673204104966,-1.610321809851448
121.12673204104966,-8.222455179146891
123.15459801386184,-8.222455179146891
123.15459801386184,4.262124117122583
125.2096426064111,4.262124117122583
125.2096426064111,32.93903615764523
127.24609519599086,32.93903615764523
127.24609519599086,10.581688022896309
129.33067504188944,10.581688022896309
129.33067504188944,0.4529527649571555
131.35959151785775,0.4529527649571555
131.35959151785775,-8.466479727864236
133.4575122356801,-8.466479727864236
133.4575122356801,-4.643826186702905
135.47640870552635,-4.643826186702905
135.47640870552635,-10.610784564945124
137.5404676239883,-10.610784564945124
137.5404676239883,14.986849599508286
139.55221571618083,14.986849599508286
139.55221571618083,-15.16118564558472
141.5586263361232,-15.16118564558472
141.5586263361232,-10.431575400441332
143.59953749490276,-10.431575400441332
143.59953749490276,0.6533116577104598
145.67184418927243,0.6533116577104598
145.67184418927243,-7.371674086047402
147.74560592990193,-7.371674086047402
147.74560592990193,-5.728124128230322
149.75956858913915,-5.728124128230322
149.75956858913915,11.340218296623597
151.76723684052308,11.340218296623597
151.76723684052308,2.708966578345182
153.77597869092892,2.708966578345182
153.77597869092892,1.1400324798273433
155.82475380106646,1.1400324798273433
155.82475380106646,6.689389478721618
157.8630263999135,6.689389478721618
157.8630263999135,-3.6527033439942547
159.89597988522442,-3.6527033439942547
159.89597988522442,-6.822991598369651
161.9257685013144,-6.822991598369651
161.9257685013144,3.1949192375790063
163.97089923052394,3.1949192375790063
163.97089923052394,0.7935541196716416
166.02372059203023,0.7935541196716416
166.02372059203023,0.8822425371563113
168.0953751744762,0.8822425371563113
168.0953751744762,-5.271953718453277
170.1053108192806,-5.271953718453277
170.1053108192806,-11.09214784062766
172.17321327072543,-11.09214784062766
172.17321327072543,-8.039740405702428
174.22166077917424,-8.039740405702428
174.22166077917424,-14.361873995234163
176.298266032518,-14.361873995234163
176.298266032518,8.294760881592204
178.39477454384829,8.294760881592204
178.39477454384829,6.04859228381592
180.4708601036028,6.04859228381592
180.4708601036028,3.364084236395132
182.5416673441933,3.364084236395132
182.5416673441933,-4.716795142377173
184.62539278926124,-4.716795142377173
184.62539278926124,2.678388044758116
186.62919527265026,2.678388044758116
186.62919527265026,-10.094303805597324
188.64599920234883,-10.094303805597324
188.64599920234883,-6.435063828714476
190.6773189228796,-6.435063828714476
190.6773189228796,4.62543932971958
192.73399037494733,4.62543932971958
192.73399037494733,-10.716205376141454
194.8295327183435,-10.716205376141454
194.8295327183435,-11.55218648262862
196.8360580134082,-11.55218648262862
196.8360580134082,-13.902722428547937
198.87788187388992,-13.902722428547937
198.87788187388992,15.642760553033451
200.90282772528195,15.642760553033451
200.90282772528195,15.044584131003521
202.90648735684982,15.044584131003521
202.90648735684982,-10.069763986395944
204.9703136698825,-10.069763986395944
204.9703136698825,1.1105350340199225
207.04129519243176,1.1105350340199225
207.04129519243176,4.088388236004926
209.05765131159592,4.088388236004926
209.05765131159592,-12.100501230849174
211.08117121771804,-12.100501230849174
211.08117121771804,-2.733438412511373
213.10623369309468,-2.733438412511373
213.10623369309468,2.6672034463894696
215.13582182223317,2.6672034463894696
215.13582182223317,16.714069428154655
217.14397295137732,16.714069428154655
217.14397295137732,0.646184636455311
219.22754129874218,0.646184636455311
219.22754129874218,3.3812576251615836
221.25113563800807,3.3812576251615836
221.25113563800807,1.923458393611939
223.29172056662017,1.923458393611939
223.29172056662017,-17.17596526380171
225.36783825880372,-17.17596526380171
225.36783825880372,-7.961729013195431
227.42809195380636,-7.961729013195431
227.42809195380636,2.8127400550424038
229.51286907545057,2.8127400550424038
229.51286907545057,5.144282934863259
231.57392123027597,5.144282934863259
231.57392123027597,23.965665351196034
233.58844376358087,23.965665351196034
233.58844376358087,-12.503276423806307
235.65407958201,-12.503276423806307
235.65407958201,11.810946176133108
237.69459567722257,11.810946176133108
237.69459567722257,28.0969108855683
239.71779092958045,28.0969108855683
239.71779092958045,-8.756837736767498
241.8132028397784,-8.756837736767498
241.8132028397784,2.2157707127386237
243.91257626233832,2.2157707127386237
243.91257626233832,1.5731136765559774
245.97007634725458,1.5731136765559774
245.97007634725458,-9.72022316432398
247.97937826565027,-9.72022316432398
247.97937826565027,-14.409196294103928
250.02646585956234,-14.409196294103928
250.02646585956234,-3.2845866193425692
252.06637315526302,-3.2845866193425692
252.06637315526302,-0.6497201323062525
254.09009066408885,-0.6497201323062525
254.09009066408885,8.735748976857082
256.1470092763224,8.735748976857082
256.1470092763224,12.877783286056932
258.22884444558804,12.877783286056932
258.22884444558804,-7.127634162967218
260.2975838812472,-7.127634162967218
260.2975838812472,5.338339057636069
262.3206540446438,5.338339057636069
262.3206540446438,10.349884114554138
264.41823882009913,10.349884114554138
264.41823882009913,7.081150711045101
266.44573491123623,7.081150711045101
266.44573491123623,13.607917797297656
268.47058513302295,13.607917797297656
268.47058513302295,-11.44401897476451
270.5637668989587,-11.44401897476451
270.5637668989587,-14.91370720653345
272.6551121760939,-14.91370720653345
272.6551121760939,4.119712500868128
274.69072275067134,4.119712500868128
274.69072275067134,-11.907473117277563
276.71012492779136,-11.907473117277563
276.71012492779136,-5.357958571898536
278.7823596901039,-5.357958571898536
278.7823596901039,4.85880755847086
280.8222268510156,4.85880755847086
280.8222268510156,-1.4213022174761645
282.837917745413,-1.4213022174761645
282.837917745413,0.7387118251476537
284.9016113004712,0.7387118251476537
284.9016113004712,1.773055074287555
286.93758397382436,1.773055074287555
286.93758397382436,-10.312241978321682
289.000167869807,-10.312241978321682
289.000167869807,4.280872852445533
291.0147767146195,4.280872852445533
291.0147767146195,-2.7564668650586706
293.050744447747,-2.7564668650586706
293.050744447747,7.8768019465184995
295.0509941691134,7.8768019465184995
295.0509941691134,-22.551871899344928
297.05634069277824,-22.551871899344928
297.05634069277824,-7.829373061212735
299.0895154136275,-7.829373061212735
299.0895154136275,8.544870188172007
301.144071472963,8.544870188172007
301.144071472963,-9.215879879902712
303.17350571403847,-9.215879879902712
303.17350571403847,-14.216459841268724
305.2115534106889,-14.216459841268724
305.2115534106889,-3.0933412646851255
307.30680805057835,-3.0933412646851255
307.30680805057835,-22.777419189750972
309.3552742840688,-22.777419189750972
309.3552742840688,-17.695497054644598
311.40077382782425,-17.695497054644598
311.40077382782425,-14.154952043933104
313.47773140967325,-14.154952043933104
313.47773140967325,9.218535004293072
315.5055217888952,9.218535004293072
315.5055217888952,-11.305946689214878
317.5829547893859,-11.305946689214878
317.5829547893859,3.9398204162299235
319.64986578637286,3.9398204162299235
319.64986578637286,-5.377718099324928
321.6891136690206,-5.377718099324928
321.6891136690206,1.154250867126992
323.74871970069876,1.154250867126992
323.74871970069876,7.429570669293886
325.7800439037321,7.429570669293886
325.7800439037321,19.17501673775741
327.86262763909184,19.17501673775741
327.86262763909184,-9.919976048717091
329.8924726671136,-9.919976048717091
329.8924726671136,4.180328910765359
331.9908196487687,4.180328910765359
331.9908196487687,15.411920086385278
334.0256182066858,15.411920086385278
334.0256182066858,4.678951447402299
336.05496848009045,4.678951447402299
336.05496848009045,-5.504813330755878
338.10423233462524,-5.504813330755878
338.10423233462524,4.61274776116296
340.1699258152169,4.61274776116296
340.1699258152169,20.634895281042695
342.1775324773985,20.634895281042695
342.1775324773985,-8.836154581609645
344.2482785536461,-8.836154581609645
344.2482785536461,-21.869766275154234
346.2780544403498,-21.869766275154234
346.2780544403498,15.07571923582528
348.333136021217,15.07571923582528
348.333136021217,-7.979514590044591
350.3811647395949,-7.979514590044591
350.3811647395949,-5.407042721434064
352.4220604189556,-5.407042721434064
352.4220604189556,1.5923550515613907
354.50755743419626,1.5923550515613907
354.50755743419626,-5.439172720093529
356.57007240872895,-5.439172720093529
356.57007240872895,4.311185495081377
358.63098451177945,4.311185495081377
358.63098451177945,-14.346020797145648
360.0,-14.346020797145648
# Sen10.sensor_w #3
0.0,0.0
2.026729674056233,0.0
2.026729674056233,-6.382639775840095
4.099276644847086,-6.382639775840095
4.099276644847086,-0.0179208189823777
6.101575063442533,-0.0179208189823777
6.101575063442533,-6.818936402297647
8.16411088405048,-6.818936402297647
8.16411088405048,-2.465977479726133
10.180658547304205,-2.465977479726133
10.180658547304205,10.727354187995298
12.245607591000079,10.727354187995298
12.245607591000079,-0.120707357379475
14.26926869563634,-0.120707357379475
14.26926869563634,-0.31783796968975125
16.3400069457428,-0.31783796968975125
16.3400069457428,-12.662292088056526
18.412699269544866,-12.662292088056526
18.412699269544866,-4.624345897859188
20.512144245567765,-4.624345897859188
20.512144245567765,7.136761410451732
22.574743878453393,7.136761410451732
22.574743878453393,17.29444513601301
24.585765825615645,17.29444513601301
24.585765825615645,-3.1229996241422047
26.64332816351884,-3.1229996241422047
26.64332816351884,-8.677730825271247
28.650353365510068,-8.677730825271247
28.650353365510068,7.841005515853652
30.66427421868066,7.841005515853652
30.66427421868066,-5.757422857329101
32.749796967827365,-5.757422857329101
32.749796967827365,-0.7365529228377314
34.81935671162902,-0.7365529228377314
34.81935671162902,8.902654477809282
36.882500490182835,8.902654477809282
36.882500490182835,8.149342769025738
38.89522571888471,8.149342769025738
38.89522571888471,9.070420910675969
40.966979513936614,9.070420910675969
40.966979513936614,-16.916386845253328
43.03022064207493,-16.916386845253328
43.03022064207493,-8.969358790618852
45.047794133938574,-8.969358790618852
45.047794133938574,7.450674385218181
47.11203497559827,7.450674385218181
47.11203497559827,4.561082510091019
49.11462266231022,4.561082510091019
49.11462266231022,-4.910542245023595
51.13463102681631,-4.910542245023595
51.13463102681631,-8.224443070075324
53.21318546590637,-8.224443070075324
53.21318546590637,18.052640555474298
55.24340641504398,18.052640555474298
55.24340641504398,-5.475344310567797
57.30249143560664,-5.475344310567797
57.30249143560664,8.412324151949587
59.32819700994312,8.412324151949587
59.32819700994312,-9.678796748012678
61.40055570316484,-9.678796748012678
61.40055570316484,-3.070785544483752
63.420465860427214,-3.070785544483752
63.420465860427214,7.312562693567909
65.51621646576433,7.312562693567909
65.51621646576433,19.508747504397896
67.61447523636281,19.508747504397896
67.61447523636281,-4.168294673561886
69.65379987707962,-4.168294673561886
69.65379987707962,2.3674181114379182
71.71300849590148,2.3674181114379182
71.71300849590148,10.5572576420672
73.7960150434096,10.5572576420672
73.7960150434096,-5.27459545341694
75.80323607166481,-5.27459545341694
75.80323607166481,9.833376854846291
77.88719554283533,9.833376854846291
77.88719554283533,-9.13519540256021
79.92442322394947,-9.13519540256021
79.92442322394947,-6.126533239000771
82.0193050142906,-6.126533239000771
82.0193050142906,11.131344830989455
84.05802095984725,11.131344830989455
84.05802095984725,5.124347342500009
86.12450554405353,5.124347342500009
86.12450554405353,11.535226127245647
88.12480181836993,11.535226127245647
88.12480181836993,9.891831018883424
90.19666886841591,9.891831018883424
90.19666886841591,15.055136732181214
92.20897080280872,15.055136732181214
92.20897080280872,4.208930719938124
94.24914771322669,4.208930719938124
94.24914771322669,2.219526898842436
96.32422672092896,2.219526898842436
96.32422672092896,-3.8635230218153227
98.32798032043007,-3.8635230218153227
98.32798032043007,10.135357755514104
100.36230017706586,10.135357755514104
100.36230017706586,20.713299343924728
102.38334222390141,20.713299343924728
102.38334222390141,3.5030024393075165
104.44399135378517,3.5030024393075165
104.44399135378517,9.50459504607246
106.4751118540097,9.50459504607246
106.4751118540097,1.234105490637397
108.48349416547295,1.234105490637397
108.48349416547295,3.801646143041663
110.57974249857638,3.801646143041663
110.57974249857638,-0.39856153418109397
112.59789855358805,-0.39856153418109397
112.59789855358805,-14.094897914411728
114.6038023175872,-14.094897914411728
114.6038023175872,-9.648609451494732
116.6826319109499,-9.648609451494732
116.6826319109499,1.0586522903478786
118.77355514531476,1.0586522903478786
118.77355514531476,7.075177353087322
120.79974761855324,7.075177353087322
120.79974761855324,-8.924850085705437
122.80726197770322,-8.924850085705437
122.80726197770322,-3.97636684738061
124.86884582070776,-3.97636684738061
124.86884582070776,-5.2319893895902005
126.9016252992736,-5.2319893895902005
126.9016252992736,15.350227626336537
128.9768289113095,15.350227626336537
128.9768289113095,2.347366758128692
131.07116377511088,2.347366758128692
131.07116377511088,-0.6624268393287708
133.16845014343738,-0.6624268393287708
133.16845014343738,6.995470355840964
135.25103239700462,6.995470355840964
135.25103239700462,4.76323016556453
137.28471456934386,4.76323016556453
137.28471456934386,6.8065901063284215
139.37125032426863,6.8065901063284215
139.37125032426863,1.7360874035425324
141.46535184569274,1.7360874035425324
141.46535184569274,8.822397591728057
143.52793408726848,8.822397591728057
143.52793408726848,-6.964055458834859
145.5292265571098,-6.964055458834859
145.5292265571098,-3.323236260789391
147.57632768914587,-3.323236260789391
147.57632768914587,22.315541716074904
149.61645052585757,22.315541716074904
149.61645052585757,3.5677326959167353
151.6515146199084,3.5677326959167353
151.6515146199084,-14.183255447925628
153.74585475586733,-14.183255447925628
153.74585475586733,8.231805758757393
155.7924517339985,8.231805758757393
155.7924517339985,14.796451392693603
157.88507706312103,14.796451392693603
157.88507706312103,2.7499371084469457
159.90389176427686,2.7499371084469457
159.90389176427686,-14.547705983706196
161.96943951114443,-14.547705983706196
161.96943951114443,-12.120457165425835
164.0177784193575,-12.120457165425835
164.0177784193575,-5.759681742722334
166.01829441606876,-5.759681742722334
166.01829441606876,2.042385097753115
168.02849830095985,2.042385097753115
168.02849830095985,-8.031549437382989
170.05987048372944,-8.031549437382989
170.05987048372944,11.754499755462152
172.07869158052287,11.754499755462152
172.07869158052287,12.247872544215383
174.12087141389864,12.247872544215383
174.12087141389864,-0.18902787705554733
176.125006847483,-0.18902787705554733
176.125006847483,-5.29709300955504
178.1361205833068,-5.29709300955504
178.1361205833068,-3.1659840404524138
180.22772765689268,-3.1659840404524138
180.22772765689268,9.056509546995732
182.271651929257,9.056509546995732
182.271651929257,1.567963916754696
184.33285253403307,1.567963916754696
184.33285253403307,-16.940396958250684
186.33890425752904,-16.940396958250684
186.33890425752904,-20.666568149798337
188.43062498903882,-20.666568149798337
188.43062498903882,17.373638530373327
190.52558315762306,17.373638530373327
190.52558315762306,3.2477813405109472
192.52859289760679,3.2477813405109472
192.52859289760679,-0.08775930209025412
194.61736924563436,-0.08775930209025412
194.61736924563436,18.935534671462968
196.6839533403491,18.935534671462968
196.6839533403491,5.728223562300969
198.74145536533368,5.728223562300969
198.74145536533368,-6.824051879567666
200.76932045118522,-6.824051879567666
200.76932045118522,10.838541496637804
202.76968578300068,10.838541496637804
202.76968578300068,5.306802248740958
204.79718405305007,5.306802248740958
204.79718405305007,-19.080877631213596
206.88677378068377,-19.080877631213596
206.88677378068377,11.747771877476328
208.90992440906973,11.747771877476328
208.90992440906973,-4.613909924306683
211.00866257992982,-4.613909924306683
211.00866257992982,13.391637364419823
213.09670683952592,13.391637364419823
213.09670683952592,14.11714671744858
215.13318597426726,14.11714671744858
215.13318597426726,1.1402892688031534
217.22980252507188,1.1402892688031534
217.22980252507188,9.291190335587515
219.27687818042963,9.291190335587515
219.27687818042963,-15.540306906366553
221.3251239352247,-15.540306906366553
221.3251239352247,1.8955273794535266
223.41537111460968,1.8955273794535266
223.41537111460968,3.1241550940702636
225.43899619606117,3.1241550940702636
225.43899619606117,-10.820918737019372
227.46350601298053,-10.820918737019372
227.46350601298053,-5.9023803563801
229.55696755020142,-5.9023803563801
229.55696755020142,11.927685756201756
231.6288142655622,11.927685756201756
231.6288142655622,-1.477005644876306
233.64226970005487,-1.477005644876306
233.64226970005487,-3.4328703678364167
235.6860339561803,-3.4328703678364167
235.6860339561803,10.490162741456272
237.72445902067764,10.490162741456272
237.72445902067764,0.4584979996852111
239.79756191542893,0.4584979996852111
239.79756191542893,-2.411043411924138
241.89006738534866,-2.411043411924138
241.89006738534866,-3.516199579656499
243.9589283899165,-3.516199579656499
243.9589283899165,-12.39146353391843
245.96543708557655,-12.39146353391843
245.96543708557655,-9.381457107125286
247.97422000793657,-9.381457107125286
247.97422000793657,-3.38727246678437
249.97543111669273,-3.38727246678437
249.97543111669273,-4.025802118615775
252.0609429321836,-4.025802118615775
252.0609429321836,25.050082928712648
254.13980069008977,25.050082928712648
254.13980069008977,13.120265577717664
256.22619946701303,13.120265577717664
256.22619946701303,0.6144400766362998
258.3224573241994,0.6144400766362998
258.3224573241994,-7.015802041174629
260.33365987345894,-7.015802041174629
260.33365987345894,-2.879772893730209
262.386625489056,-2.879772893730209
262.386625489056,4.499593403190322
264.38818823292314,4.499593403190322
264.38818823292314,-2.377563814426856
266.4106873478821,-2.377563814426856
266.4106873478821,-1.541065850301615
268.4560806482444,-1.541065850301615
268.4560806482444,-3.027722716728427
270.46534195236165,-3.027722716728427
270.46534195236165,-19.69011695396456
272.54257642330253,-19.69011695396456
272.54257642330253,-2.7118364698147808
274.61592860234623,-2.7118364698147808
274.61592860234623,3.0079228796338544
276.6241511325934,3.0079228796338544
276.6241511325934,7.173572952600905
278.6285120800258,7.173572952600905
278.6285120800258,5.0639695157816025
280.6413237557068,5.0639695157816025
280.6413237557068,14.365622361445638
282.7031249921977,14.365622361445638
282.7031249921977,-12.065045221370042
284.7834306605581,-12.065045221370042
284.7834306605581,-18.715204955805312
286.83546384493417,-18.715204955805312
286.83546384493417,-16.61177823547119
288.92645057268163,-16.61177823547119
288.92645057268163,-0.32026985319260176
290.9524040388557,-0.32026985319260176
290.9524040388557,-16.92355061316323
293.00395639596127,-16.92355061316323
293.00395639596127,23.300989036185168
295.0904180539924,23.300989036185168
295.0904180539924,3.7708187016862764
297.1156194869509,3.7708187016862764
297.1156194869509,-7.549062152131089
299.1305623061591,-7.549062152131089
299.1305623061591,3.639439485489833
301.2178934276643,3.639439485489833
301.2178934276643,-5.408613018196037
303.31090525558864,-5.408613018196037
303.31090525558864,-12.942258997551795
305.3120486496038,-12.942258997551795
305.3120486496038,7.096510168949388
307.32537526286,7.096510168949388
307.32537526286,-16.36231691276415
309.37811661046294,-16.36231691276415
309.37811661046294,-0.967423459584511
311.4517917934606,-0.967423459584511
311.4517917934606,-15.82202695316311
313.473504739904,-15.82202695316311
313.473504739904,7.872866980085178
315.49988709562234,7.872866980085178
315.49988709562234,0.9062917626403701
317.5417695254984,0.9062917626403701
317.5417695254984,0.35345401144970867
319.6206981816066,0.35345401144970867
319.6206981816066,-2.167622891033165
321.7158793486012,-2.167622891033165
321.7158793486012,1.9103697623772407
323.7316278310319,1.9103697623772407
323.7316278310319,-12.392454181506498
325.79411338135304,-12.392454181506498
325.79411338135304,3.039299003749135
327.8447493153183,3.039299003749135
327.8447493153183,5.466129120875001
329.9347696029867,5.466129120875001
329.9347696029867,10.930997189028771
332.01224396187223,10.930997189028771
332.01224396187223,-2.0695484049773243
334.0416878502854,-2.0695484049773243
334.0416878502854,-6.79929645428066
336.0799951292877,-6.79929645428066
336.0799951292877,-17.170935122078564
338.1184445146233,-17.170935122078564
338.1184445146233,19.72251845711723
340.1725681185297,19.72251845711723
340.1725681185297,7.3320103109548125
342.2470343053551,7.3320103109548125
342.2470343053551,-1.2057936726920486
344.3136056386344,-1.2057936726920486
344.3136056386344,-3.3794818695780844
346.40685828596173,-3.3794818695780844
346.40685828596173,8.643931996562017
348.46880162866177,8.643931996562017
348.46880162866177,1.4525822011645446
350.54728876892034,1.4525822011645446
350.54728876892034,-2.1776065356766012
352.6301239955573,-2.1776065356766012
352.6301239955573,-2.706403209479053
354.6873419479263,-2.706403209479053
354.6873419479263,5.662923552919437
356.7546645222964,5.662923552919437
356.7546645222964,-13.761730755050118
358.81643772307996,-13.761730755050118
358.81643772307996,1.4215229345334304
360.0,1.4215229345334304
# Sen10.sensor_w #4
0.0,0.0
2.097661770856647,0.0
2.097661770856647,-12.327288466735043
4.105942530813336,-12.327288466735043
4.105942530813336,7.964587145734968
6.12416976648353,7.964587145734968
6.12416976648353,18.896614979368703
8.131184238195114,18.896614979368703
8.131184238195114,0.8345488174946722
10.167127994564051,0.8345488174946722
10.167127994564051,-14.075299979640445
12.254842859010349,-14.075299979640445
12.254842859010349,10.985203031983556
14.338520097365159,10.985203031983556
14.338520097365159,16.583282688619185
16.378995409400577,16.583282688619185
16.378995409400577,-5.532022785778996
18.432947015298932,-5.532022785778996
18.432947015298932,6.851186036688919
20.53124584554699,6.851186036688919
20.53124584554699,-14.501690392310174
22.549835682798356,-14.501690392310174
22.549835682798356,-6.14028522352073
24.56752254937144,-6.14028522352073
24.56752254937144,18.932192752986666
26.60578239393956,18.932192752986666
26.60578239393956,-11.006368511074127
28.621316535083988,-11.006368511074127
28.621316535083988,23.116166290643392
30.660183067135044,23.116166290643392
30.660183067135044,-19.18802427640682
32.679666863585865,-19.18802427640682
32.679666863585865,-13.211456523799841
34.73648152806845,-13.211456523799841
34.73648152806845,4.23173722736926
36.800436719219874,4.23173722736926
36.800436719219874,-13.840177077328498
38.86432429911152,-13.840177077328498
38.86432429911152,24.913535928112267
40.949087066754664,24.913535928112267
40.949087066754664,7.9278600686594105
42.99977799921017,7.9278600686594105
42.99977799921017,-10.035117176322341
45.08440194572798,-10.035117176322341
45.08440194572798,8.9219721789212
47.1034549505032,8.9219721789212
47.1034549505032,0.22209147448578134
49.123439352219144,0.22209147448578134
49.123439352219144,35.676587751484426
51.18328150709176,35.676587751484426
51.18328150709176,-18.80857992149114
53.2524389201031,-18.80857992149114
53.2524389201031,-1.3933102568166822
55.30773110673309,-1.3933102568166822
55.30773110673309,-18.522652205568797
57.34242003394304,-18.522652205568797
57.34242003394304,-3.9393625300730855
59.41346156145425,-3.9393625300730855
59.41346156145425,-15.250982330527595
61.45481002427273,-15.250982330527595
61.45481002427273,-14.141605738283227
63.46181673506379,-14.141605738283227
63.46181673506379,0.8409073416305367
65.55568471383282,0.8409073416305367
65.55568471383282,9.494308364121853
67.6182636024258,9.494308364121853
67.6182636024258,3.6718830586457725
69.67803864335305,3.6718830586457725
69.67803864335305,-16.207095662922356
71.77663986506403,-16.207095662922356
71.77663986506403,1.5227734873988585
73.86917389699762,1.5227734873988585
73.86917389699762,25.823947575843576
75.94680744641835,25.823947575843576
75.94680744641835,-6.783248905932792
77.97445401256337,-6.783248905932792
77.97445401256337,-4.552149262291813
80.07176491460564,-4.552149262291813
80.07176491460564,8.651491910917422
82.11798794032798,8.651491910917422
82.11798794032798,10.306467087250446
84.18548065256925,10.306467087250446
84.18548065256925,0.9557050073135599
86.28200814419716,0.9557050073135599
86.28200814419716,-10.218601214520543
88.36327548954354,-10.218601214520543
88.36327548954354,-7.581920668575185
90.46002101369353,-7.581920668575185
90.46002101369353,-0.8573849213926172
92.5260787521212,-0.8573849213926172
92.5260787521212,1.3144421765505143
94.59662749395864,1.3144421765505143
94.59662749395864,9.973554221693405
96.59986199616603,9.973554221693405
96.59986199616603,-10.083690110629913
98.63082342647155,-10.083690110629913
98.63082342647155,-17.976159469773222
100.65415214580612,-17.976159469773222
100.65415214580612,-17.174412589465767
102.70434416502448,-17.174412589465767
102.70434416502448,4.9692027042283
104.72108118392252,4.9692027042283
104.72108118392252,-15.172351696797284
106.79789356996883,-15.172351696797284
106.79789356996883,2.895162463842675
108.8485920312126,2.895162463842675
108.8485920312126,11.07505532548405
110.91642884060366,11.07505532548405
110.91642884060366,-0.8087079616207925
112.9851759974185,-0.8087079616207925
112.9851759974185,8.131774612729162
115.04499096814921,8.131774612729162
115.04499096814921,3.1558667796739903
117.11919167575329,3.1558667796739903
117.11919167575329,-14.509945410533462
119.1340516821517,-14.509945410533462
119.1340516821517,5.990142799645017
121.17812843423219,5.990142799645017
121.17812843423219,3.6661895717701287
123.2705835680744,3.6661895717701287
123.2705835680744,13.583773029884338
125.28427071095352,13.583773029884338
125.28427071095352,-6.996413307544409
127.35478484318112,-6.996413307544409
127.35478484318112,27.317317435840735
129.40264855701176,27.317317435840735
129.40264855701176,-13.960973437079753
131.4797158375476,-13.960973437079753
131.4797158375476,12.302905660126527
133.51893824947524,12.302905660126527
133.51893824947524,-1.8366852186682716
135.55260179791114,-1.8366852186682716
135.55260179791114,-9.419439816530035
137.61334199087702,-9.419439816530035
137.61334199087702,-14.393645156000634
139.6748648070916,-14.393645156000634
139.6748648070916,-1.1869839194842187
141.77294188676166,-1.1869839194842187
141.77294188676166,-11.444932668110457
143.82446481154201,-11.444932668110457
143.82446481154201,18.665993940068507
145.90434449685472,18.665993940068507
145.90434449685472,-10.19003525943717
147.98545487396575,-10.19003525943717
147.98545487396575,-12.109090258711054
150.04228988083008,-12.109090258711054
150.04228988083008,6.07590882894994
152.0912997632093,6.07590882894994
152.0912997632093,4.304994396175771
154.16860179889855,4.304994396175771
154.16860179889855,-7.651818089434911
156.1988046128339,-7.651818089434911
156.1988046128339,-18.38884193421982
158.2969496052991,-18.38884193421982
158.2969496052991,2.0485554390789003
160.30191932900792,2.0485554390789003
160.30191932900792,1.2500781348764582
162.37070806074033,1.2500781348764582
162.37070806074033,0.4122614595967131
164.4439900609568,0.4122614595967131
164.4439900609568,-1.3871931873226504
166.46051815593572,-1.3871931873226504
166.46051815593572,-9.066481195434829
168.477520070797,-9.066481195434829
168.477520070797,-14.523997075670303
170.55299101655382,-14.523997075670303
170.55299101655382,17.311691199692206
172.60021513852044,17.311691199692206
172.60021513852044,-5.207491009200485
174.65489655933553,-5.207491009200485
174.65489655933553,17.33719968997341
176.7325715531861,17.33719968997341
176.7325715531861,-5.307790481263858
178.81485921426844,-5.307790481263858
178.81485921426844,13.050727047833064
180.84733584866558,13.050727047833064
180.84733584866558,7.879989880933838
182.92327964185483,7.879989880933838
182.92327964185483,19.706643928630182
184.9310497073058,19.706643928630182
184.9310497073058,9.043526397689698
186.94184753676603,9.043526397689698
186.94184753676603,10.369111189528992
188.94805509758368,10.369111189528992
188.94805509758368,-8.155846247517722
191.0332073194714,-8.155846247517722
191.0332073194714,-10.3132432748539
193.103773301122,-10.3132432748539
193.103773301122,-14.813316052782888
195.19331829254944,-14.813316052782888
195.19331829254944,-5.24939961336985
197.26935766656212,-5.24939961336985
197.26935766656212,-7.672481568062394
199.3031929323635,-7.672481568062394
199.3031929323635,25.851598716223098
201.37186725008743,25.851598716223098
201.37186725008743,-0.9245324451956951
203.39926546730067,-0.9245324451956951
203.39926546730067,1.3137812988969209
205.46553700356233,1.3137812988969209
205.46553700356233,12.834604971589608
207.51989692845976,12.834604971589608
207.51989692845976,-1.401230994142869
209.53716546933285,-1.401230994142869
209.53716546933285,7.388530135028072
211.58202095476176,7.388530135028072
211.58202095476176,3.021433750550106
213.64628184261315,3.021433750550106
213.64628184261315,-12.38359656090205
215.72198570067144,-12.38359656090205
215.72198570067144,20.4679990858665
217.72851244531643,20.4679990858665
217.72851244531643,11.924036447070666
219.8175455242077,11.924036447070666
219.8175455242077,-5.099542793796025
221.89211243119883,-5.099542793796025
221.89211243119883,-18.52466610035161
223.97742782470596,-18.52466610035161
223.97742782470596,-8.969879639098385
226.0453194413489,-8.969879639098385
226.0453194413489,6.512020066410649
228.1426409569797,6.512020066410649
228.1426409569797,8.258209861223138
230.22548043259943,8.258209861223138
230.22548043259943,2.823777124045743
232.24586445915097,2.823777124045743
232.24586445915097,1.2972725494564343
234.26572929862925,1.2972725494564343
234.26572929862925,17.047201734602407
236.28376725669975,17.047201734602407
236.28376725669975,-10.106245551859539
238.36986271459625,-10.106245551859539
238.36986271459625,5.8356545592366835
240.45284427821176,5.8356545592366835
240.45284427821176,5.7005751765804185
242.50287841232574,5.7005751765804185
242.50287841232574,1.0635422993556942
244.564659984279,1.0635422993556942
244.564659984279,-11.86114770730125
246.66140964782167,-11.86114770730125
246.66140964782167,-0.11625661839232547
248.75355564814893,-0.11625661839232547
248.75355564814893,7.864431625138044
250.8265787079207,7.864431625138044
250.8265787079207,10.398122958455769
252.9185434442513,10.398122958455769
252.9185434442513,18.37087311548093
254.9328487390685,18.37087311548093
254.9328487390685,2.5714388774939474
257.02814123799845,2.5714388774939474
257.02814123799845,1.37893266365286
259.08578342341417,1.37893266365286
259.08578342341417,-6.760840239482871
261.157454149007,-6.760840239482871
261.157454149007,5.447055940145776
263.2398385645604,5.447055940145776
263.2398385645604,-1.6028899189392518
265.2630311709149,-1.6028899189392518
265.2630311709149,-2.8260119968823068
267.26376885834844,-2.8260119968823068
267.26376885834844,-5.010689888545393
269.2684922962477,-5.010689888545393
269.2684922962477,20.209927153949423
271.2941735893395,20.209927153949423
271.2941735893395,-14.202514370196134
273.35003624469084,-14.202514370196134
273.35003624469084,-12.026681704824245
275.38939857058307,-12.026681704824245
275.38939857058307,-2.5269497462709385
277.4048437884462,-2.5269497462709385
277.4048437884462,0.8471839368038314
279.4718982033706,0.8471839368038314
279.4718982033706,-7.96295190183446
281.5667506838978,-7.96295190183446
281.5667506838978,12.48967771559885
283.64355678181823,12.48967771559885
283.64355678181823,3.600559850679665
285.65549640808996,3.600559850679665
285.65549640808996,12.456913592472247
287.71901809091065,12.456913592472247
287.71901809091065,1.4291591450847183
289.7441187560781,1.4291591450847183
289.7441187560781,10.02717240689819
291.8072840075286,10.02717240689819
291.8072840075286,-6.454673495705066
293.855270110355,-6.454673495705066
293.855270110355,-8.999065631845614
295.8664528083808,-8.999065631845614
295.8664528083808,-7.495595411887731
297.9330985187344,-7.495595411887731
297.9330985187344,-3.195563772336028
299.9630870583168,-3.195563772336028
299.9630870583168,-10.884397437408309
302.01662673702765,-10.884397437408309
302.01662673702765,9.595100429550028
304.08215875733293,9.595100429550028
304.08215875733293,-0.2768537085387699
306.1562930078799,-0.2768537085387699
306.1562930078799,3.6744311098270104
308.21710106421716,3.6744311098270104
308.21710106421716,7.128279801455103
310.2860512143157,7.128279801455103
310.2860512143157,2.8714931463848252
312.34902602996885,2.8714931463848252
312.34902602996885,-0.7388514964671997
314.379033080761,-0.7388514964671997
314.379033080761,0.9675227705927009
316.45532306123397,0.9675227705927009
316.45532306123397,7.952681030154266
318.5227916206565,7.952681030154266
318.5227916206565,4.75985763066803
320.58934492344133,4.75985763066803
320.58934492344133,2.7791888104598863
322.68784361396524,2.7791888104598863
322.68784361396524,-9.959875793291562
324.7440509594252,-9.959875793291562
324.7440509594252,-0.2501118493046364
326.7965767148162,-0.2501118493046364
326.7965767148162,5.468156121744164
328.8717127369233,5.468156121744164
328.8717127369233,1.6621204784969916
330.9635539415281,1.6621204784969916
330.9635539415281,0.4645503961430444
333.0015347778557,0.4645503961430444
333.0015347778557,3.5713529428698654
335.0627621202428,3.5713529428698654
335.0627621202428,-3.5585576620631305
337.0788897930541,-3.5585576620631305
337.0788897930541,0.8672718170822136
339.0886688723595,0.8672718170822136
339.0886688723595,10.076921148201578
341.1081200565392,10.076921148201578
341.1081200565392,6.82748043328413
343.1757844002055,6.82748043328413
343.1757844002055,4.605476209419661
345.1897302895962,4.605476209419661
345.1897302895962,10.11466439248955
347.2481663311019,10.11466439248955
347.2481663311019,0.6536114543756516
349.2751974349964,0.6536114543756516
349.2751974349964,-9.133694221438244
351.3452329582667,-9.133694221438244
351.3452329582667,10.214841599966553
353.37036786320584,10.214841599966553
353.37036786320584,13.119575519164627
355.4534594518062,13.119575519164627
355.4534594518062,6.611037646256807
357.50677502730815,6.611037646256807
357.50677502730815,6.091569254541504
359.5867278798849,6.091569254541504
359.5867278798849,0.485565133163957
360.0,0.485565133163957
# Sen10.sensor_w #5
0.0,0.0
2.0584431129002274,0.0
2.0584431129002274,17.50727688781791
4.067233519321986,17.50727688781791
4.067233519321986,-5.909080128351465
6.131037204284028,-5.909080128351465
6.131037204284028,0.5042231833876767
8.216933161696039,0.5042231833876767
8.216933161696039,-0.3861636288898026
10.299062940029925,-0.3861636288898026
10.299062940029925,14.571365950312709
12.30340469243799,14.571365950312709
12.30340469243799,-3.523706811006872
14.332872749545052,-3.523706811006872
14.332872749545052,12.98127978495643
16.384917429753823,12.98127978495643
16.384917429753823,-8.831597654849983
18.42443103290494,-8.831597654849983
18.42443103290494,4.315391484661968
20.46861165709266,4.315391484661968
20.46861165709266,4.031512861547876
22.498095342260164,4.031512861547876
22.498095342260164,-9.374462119352108
24.593699007549084,-9.374462119352108
24.593699007549084,9.262539884241217
26.629945939940185,9.262539884241217
26.629945939940185,-5.687573059387886
28.683757870319337,-5.687573059387886
28.683757870319337,-0.9185162467626896
30.710737892846637,-0.9185162467626896
30.710737892846637,-6.665617977606822
32.79086311165971,-6.665617977606822
32.79086311165971,-1.1016189520205542
34.81830602651261,-1.1016189520205542
34.81830602651261,-10.008009137939455
36.89318466629672,-10.008009137939455
36.89318466629672,9.568094308458885
38.929027090681664,9.568094308458885
38.929027090681664,-11.88868195989119
40.95539086602002,-11.88868195989119
40.95539086602002,-2.859712616429489
43.009075332716286,-2.859712616429489
43.009075332716286,13.098460265995707
45.03305083147886,13.098460265995707
45.03305083147886,-3.103503780775976
47.095240269416806,-3.103503780775976
47.095240269416806,8.186566818893192
49.10977584500973,8.186566818893192
49.10977584500973,4.970544816418366
51.17835022976354,4.970544816418366
51.17835022976354,0.8513523191912451
53.27603064218271,0.8513523191912451
53.27603064218271,9.080247382478102
55.32227727746793,9.080247382478102
55.32227727746793,-4.858174649547379
57.357393701964185,-4.858174649547379
57.357393701964185,10.716565808867742
59.36918096377809,10.716565808867742
59.36918096377809,2.833461367673078
61.37869410978928,2.833461367673078
61.37869410978928,9.332708754976247
63.39825201058595,9.332708754976247
63.39825201058595,1.6256061782546607
65.43261353900485,1.6256061782546607
65.43261353900485,1.4373013879785523
67.51601888486385,1.4373013879785523
67.51601888486385,5.358525739249403
69.51788254708708,5.358525739249403
69.51788254708708,-4.398863755245739
71.5883371661901,-4.398863755245739
71.5883371661901,-5.543766242828926
73.66484903274386,-5.543766242828926
73.66484903274386,-8.478578476341148
75.6738324918113,-8.478578476341148
75.6738324918113,6.240547867287444
77.72223896465987,6.240547867287444
77.72223896465987,-1.1131459529534813
79.73107271848959,-1.1131459529534813
79.73107271848959,-16.4193124836937
81.7324380337517,-16.4193124836937
81.7324380337517,-16.74851297265793
83.73848735925502,-16.74851297265793
83.73848735925502,10.263435137480435
85.81057251029695,10.263435137480435
85.81057251029695,-7.938070657970625
87.85791058880629,-7.938070657970625
87.85791058880629,13.520817315468264
89.88624999022848,13.520817315468264
89.88624999022848,-14.723831317357591
91.94632569033479,-14.723831317357591
91.94632569033479,-0.5183262435678642
93.9893330721197,-0.5183262435678642
93.9893330721197,10.395975751875318
96.0195872202835,10.395975751875318
96.0195872202835,8.172515169693646
98.05022195336333,8.172515169693646
98.05022195336333,2.5840986950370586
100.13856742593153,2.5840986950370586
100.13856742593153,-14.460067012441332
102.22082659324315,-14.460067012441332
102.22082659324315,-5.271036734965508
104.30281957435803,-5.271036734965508
104.30281957435803,-8.22336113116516
106.35749868728341,-8.22336113116516
106.35749868728341,6.392736762640698
108.38651132402136,6.392736762640698
108.38651132402136,-9.703775469976867
110.41122431168448,-9.703775469976867
110.41122431168448,-8.003755255704327
112.44679645630636,-8.003755255704327
112.44679645630636,-0.7068756008681512
114.49395548531237,-0.7068756008681512
114.49395548531237,-0.7047922124237229
116.49458185729942,-0.7047922124237229
116.49458185729942,-10.341516856030209
118.529674959042,-10.341516856030209
118.529674959042,-2.8626734949999144
120.61837173561455,-2.8626734949999144
120.61837173561455,1.7707082506926464
122.65614348899919,1.7707082506926464
122.65614348899919,-4.760897823424343
124.71013426700691,-4.760897823424343
124.71013426700691,-1.4048403463608592
126.78053404645993,-1.4048403463608592
126.78053404645993,2.1653518281030837
128.86335613986967,2.1653518281030837
128.86335613986967,0.8725037216304659
130.88570438638348,0.8725037216304659
130.88570438638348,1.8976326422019634
132.92524748147815,1.8976326422019634
132.92524748147815,17.68590461415429
134.94346943522214,17.68590461415429
134.94346943522214,5.184599410737135
137.01112101209682,5.184599410737135
137.01112101209682,-13.657948914721835
139.07836414397553,-13.657948914721835
139.07836414397553,-2.7547364154843033
141.10040168940404,-2.7547364154843033
141.10040168940404,5.250857258001708
143.12756998034965,5.250857258001708
143.12756998034965,15.632316260343611
145.17792876859957,15.632316260343611
145.17792876859957,8.996829829253583
147.2651978187607,8.996829829253583
147.2651978187607,-18.41071527602561
149.36334383413825,-18.41071527602561
149.36334383413825,-21.32668361678249
151.4431054879819,-21.32668361678249
151.4431054879819,8.930100068508066
153.54168855152437,8.930100068508066
153.54168855152437,-7.02447292414032
155.551223300424,-7.02447292414032
155.551223300424,-2.237633318354544
157.6225539383118,-2.237633318354544
157.6225539383118,-3.2011971487870916
159.6948815089329,-3.2011971487870916
159.6948815089329,4.170762539030871
161.7244025628558,4.170762539030871
161.7244025628558,-4.747419962131861
163.74185644418552,-4.747419962131861
163.74185644418552,5.231457435013855
165.77434423254326,5.231457435013855
165.77434423254326,0.09659037214538972
167.85460683412234,0.09659037214538972
167.85460683412234,-1.4127362043263723
169.8738429844829,-1.4127362043263723
169.8738429844829,1.85319265653222
171.9435511137109,1.85319265653222
171.9435511137109,1.8829013765386113
174.02384639866784,1.8829013765386113
174.02384639866784,-13.628618417429097
176.03346604523372,-13.628618417429097
176.03346604523372,2.19045971865849
178.0626432983216,2.19045971865849
178.0626432983216,2.324692427583542
180.10067494781788,2.324692427583542
180.10067494781788,10.215592063394293
182.16720179746764,10.215592063394293
182.16720179746764,-4.638436541997995
184.22627067578097,-4.638436541997995
184.22627067578097,-0.8580894105536061
186.24541809047167,-0.8580894105536061
186.24541809047167,-5.7926498990827895
188.29989991827375,-5.7926498990827895
188.29989991827375,-10.225957357174607
190.37353560083042,-10.225957357174607
190.37353560083042,-8.571507360749374
192.44187431269273,-8.571507360749374
192.44187431269273,-14.602545218944154
194.4985303366054,-14.602545218944154
194.4985303366054,-5.682661719939776
196.59021118894952,-5.682661719939776
196.59021118894952,6.6609133966119485
198.66395411208734,6.6609133966119485
198.66395411208734,-2.059377717648535
200.71611842991769,-2.059377717648535
200.71611842991769,-13.714387817018494
202.77045080759493,-13.714387817018494
202.77045080759493,4.76804862030876
204.78390308602167,4.76804862030876
204.78390308602167,-2.1754118100977102
206.85633670757488,-2.1754118100977102
206.85633670757488,-3.457959871150224
208.86973364395044,-3.457959871150224
208.86973364395044,-2.566309518883452
210.9613431360764,-2.566309518883452
210.9613431360764,19.069007884352683
213.023686330344,19.069007884352683
213.023686330344,-8.806106576082
215.02810939417623,-8.806106576082
215.02810939417623,14.951888980248052
217.06819066687405,14.951888980248052
217.06819066687405,-7.185917510401252
219.1241289118995,-7.185917510401252
219.1241289118995,3.3156409801024656
221.19607062090958,3.3156409801024656
221.19607062090958,-6.505510326577303
223.21964730909386,-6.505510326577303
223.21964730909386,-8.410051685336978
225.30856229812187,-8.410051685336978
225.30856229812187,1.5733802733805877
227.34297678720012,1.5733802733805877
227.34297678720012,-9.182452952618684
229.38759544741157,-9.182452952618684
229.38759544741157,-9.136122011565375
231.47492841324086,-9.136122011565375
231.47492841324086,-4.979414146365586
233.5711608672624,-4.979414146365586
233.5711608672624,0.49575340369777354
235.63137293097284,0.49575340369777354
235.63137293097284,4.797370334883675
237.73123960907068,4.797370334883675
237.73123960907068,4.605107598468915
239.82086794435963,4.605107598468915
239.82086794435963,-5.533412323006557
241.82220341052167,-5.533412323006557
241.82220341052167,20.23651873329831
243.9059847602274,20.23651873329831
243.9059847602274,-4.671614382214631
245.99449888539328,-4.671614382214631
245.99449888539328,-14.523172975668153
248.0923333060929,-14.523172975668153
248.0923333060929,-8.169101768006545
250.1840971524362,-8.169101768006545
250.1840971524362,6.166721807926993
252.2162636406969,6.166721807926993
252.2162636406969,6.096343445113441
254.2264609371793,6.096343445113441
254.2264609371793,-2.098270089166294
256.307469664356,-2.098270089166294
256.307469664356,20.41502802925382
258.37619622652954,20.41502802925382
258.37619622652954,21.787941502794975
260.39168739258895,21.787941502794975
260.39168739258895,-6.382361811271851
262.43506544652087,-6.382361811271851
262.43506544652087,17.892467898640486
264.51050850536683,17.892467898640486
264.51050850536683,11.317805982765151
266.59169954046655,11.317805982765151
266.59169954046655,5.85427861849638
268.67561668366284,5.85427861849638
268.67561668366284,-20.200543768416047
270.6978471915831,-20.200543768416047
270.6978471915831,-6.5498341535620765
272.7479956606271,-6.5498341535620765
272.7479956606271,-14.913139565292692
274.7981152973781,-14.913139565292692
274.7981152973781,0.2845745093565036
276.8165101792042,0.2845745093565036
276.8165101792042,5.637199267293294
278.88026222315034,5.637199267293294
278.88026222315034,-0.974268519563767
280.9105503697965,-0.974268519563767
280.9105503697965,10.107696817745088
282.9197152216029,10.107696817745088
282.9197152216029,-3.173901523547178
284.95498004237186,-3.173901523547178
284.95498004237186,-1.607561329815688
286.9655907918465,-1.607561329815688
286.9655907918465,8.465224561805233
289.0241980079797,8.465224561805233
289.0241980079797,4.412593606019052
291.11899063014494,4.412593606019052
291.11899063014494,-19.538020188295995
293.15843905774403,-19.538020188295995
293.15843905774403,-4.392637685798427
295.2281962803784,-4.392637685798427
295.2281962803784,-5.569016043051658
297.3240272471895,-5.569016043051658
297.3240272471895,-9.168074011316376
299.3815338191329,-9.168074011316376
299.3815338191329,11.545925971447431
301.451367831213,11.545925971447431
301.451367831213,-9.726468694196681
303.4644727244107,-9.726468694196681
303.4644727244107,-14.05151051200093
305.51745073465355,-14.05151051200093
305.51745073465355,1.2036807007860293
307.6081896447758,1.2036807007860293
307.6081896447758,-9.316598473803806
309.6848546155681,-9.316598473803806
309.6848546155681,-0.3280402917906603
311.7828922433406,-0.3280402917906603
311.7828922433406,-2.1723257950601313
313.81565786577806,-2.1723257950601313
313.81565786577806,-16.255605586460334
315.86007716556634,-16.255605586460334
315.86007716556634,1.8270108569623977
317.9107660242772,1.8270108569623977
317.9107660242772,4.56223629651131
319.9262438289076,4.56223629651131
319.9262438289076,15.571841714295056
321.92744204361964,15.571841714295056
321.92744204361964,1.73829219938838
323.9657049347706,1.73829219938838
323.9657049347706,18.906743520598166
326.00399883331664,18.906743520598166
326.00399883331664,-5.303901248959953
328.04447385800233,-5.303901248959953
328.04447385800233,5.934533651042698
330.0726770298203,5.934533651042698
330.0726770298203,1.1027419867941166
332.1539963238926,1.1027419867941166
332.1539963238926,-14.939304645603945
334.2280943839869,-14.939304645603945
334.2280943839869,-11.715339891253485
336.3204066840789,-11.715339891253485
336.3204066840789,4.74655577194891
338.34725575850814,4.74655577194891
338.34725575850814,-0.7645729072485645
340.39487413387786,-0.7645729072485645
340.39487413387786,0.3221939766283828
342.4821797953996,0.3221939766283828
342.4821797953996,-17.315140027233653
344.52340270481886,-17.315140027233653
344.52340270481886,8.845029949414307
346.62136107876523,8.845029949414307
346.62136107876523,-2.585177070128746
348.64087839904374,-2.585177070128746
348.64087839904374,1.2680079024797455
350.7046996755942,1.2680079024797455
350.7046996755942,-8.753593552996175
352.80157969802167,-8.753593552996175
352.80157969802167,13.402995494627115
354.8568563140562,13.402995494627115
354.8568563140562,0.05592498978138441
356.94377405290686,0.05592498978138441
356.94377405290686,0.46470478067027315
359.01940577271404,0.46470478067027315
359.01940577271404,-4.579238584241599
360.0,-4.579238584241599
# Sen10.sensor_w #6
0.0,0.0
2.0690362222614316,0.0
2.0690362222614316,-13.97556842293493
4.145300773258579,-13.97556842293493
4.145300773258579,-1.9419543063440539
6.1502327076227115,-1.9419543063440539
6.1502327076227115,8.255431927090482
8.184381585900915,8.255431927090482
8.184381585900915,0.4742443293740977
10.243311250947281,0.4742443293740977
10.243311250947281,-1.0227448613023062
12.328646746018318,-1.0227448613023062
12.328646746018318,20.645399594947065
14.3367269388599,20.645399594947065
14.3367269388599,9.100270613436317
16.413417933176586,9.100270613436317
16.413417933176586,5.202259785027284
18.509110269590348,5.202259785027284
18.509110269590348,-8.181539697703506
20.535005977388565,-8.181539697703506
20.535005977388565,-10.418710647505417
22.539565839924297,-10.418710647505417
22.539565839924297,6.715419280520547
24.587169163673778,6.715419280520547
24.587169163673778,8.443662287764699
26.652698382209834,8.443662287764699
26.652698382209834,-7.238073659942749
28.720935045760353,-7.238073659942749
28.720935045760353,15.681242365671197
30.78301790344145,15.681242365671197
30.78301790344145,-4.3904218917311875
32.86285396882696,-4.3904218917311875
32.86285396882696,0.5628742238890957
34.96255005001556,0.5628742238890957
34.96255005001556,-18.53538288590171
36.977115262807374,-18.53538288590171
36.977115262807374,1.6320536877373202
39.06688651955566,1.6320536877373202
39.06688651955566,12.69584782418512
41.154521146642246,12.69584782418512
41.154521146642246,4.554238709509784
43.24251587548502,4.554238709509784
43.24251587548502,-6.725870761673972
45.33991146989196,-6.725870761673972
45.33991146989196,-4.903391298087001
47.375030707060674,-4.903391298087001
47.375030707060674,2.086972389843592
49.38089028681197,2.086972389843592
49.38089028681197,-33.83749956566464
51.43910022483244,-33.83749956566464
51.43910022483244,-12.708053112808056
53.50457945037879,-12.708053112808056
53.50457945037879,-16.985381427231893
55.5165152312457,-16.985381427231893
55.5165152312457,4.548392723691698
57.5813012084426,4.548392723691698
57.5813012084426,1.3607817048729633
59.625592810890254,1.3607817048729633
59.625592810890254,-1.6878087369355765
61.68114314179086,-1.6878087369355765
61.68114314179086,9.003917467127415
63.73201317914914,9.003917467127415
63.73201317914914,4.068994240796045
65.77595888469047,4.068994240796045
65.77595888469047,-9.380092935256961
67.85604416950116,-9.380092935256961
67.85604416950116,-6.593194592405892
69.86259640688974,-6.593194592405892
69.86259640688974,-3.9023168560216344
71.89168191157236,-3.9023168560216344
71.89168191157236,9.835173902605103
73.99147455728112,9.835173902605103
73.99147455728112,5.576799864547745
76.02654262681118,5.576799864547745
76.02654262681118,11.914683657477163
78.02979310189922,11.914683657477163
78.02979310189922,-10.153755714437231
80.05014253829212,-10.153755714437231
80.05014253829212,0.20629453842756973
82.11721428963271,0.20629453842756973
82.11721428963271,6.3428513109067355
84.19977712075635,6.3428513109067355
84.19977712075635,6.911381458039808
86.20846056307526,6.911381458039808
86.20846056307526,-7.767496759316065
88.29007021810709,-7.767496759316065
88.29007021810709,0.9325319841012196
90.3647996334322,0.9325319841012196
90.3647996334322,-0.9282993008630519
92.4118825482865,-0.9282993008630519
92.4118825482865,12.519398919897212
94.47494791165998,12.519398919897212
94.47494791165998,4.7196546965707125
96.55894676476046,4.7196546965707125
96.55894676476046,1.2096549738147768
98.63522064076196,1.2096549738147768
98.63522064076196,9.621806087862698
100.6533288931512,9.621806087862698
100.6533288931512,1.063666757918182
102.71259603745813,1.063666757918182
102.71259603745813,3.976857228058497
104.78365778677438,3.976857228058497
104.78365778677438,0.898739862544944
106.86719073942851,0.898739862544944
106.86719073942851,17.008571904271474
108.8918094343364,17.008571904271474
108.8918094343364,-5.278105904317101
110.9774612020791,-5.278105904317101
110.9774612020791,8.352804865741554
112.99214662540194,8.352804865741554
112.99214662540194,-8.373692170902585
115.05482178164118,-8.373692170902585
115.05482178164118,-4.757819672291829
117.10384833290169,-4.757819672291829
117.10384833290169,-17.397254726820755
119.10511702367954,-17.397254726820755
119.10511702367954,1.0545708641904974
121.13308516423126,1.0545708641904974
121.13308516423126,15.747160702932986
123.20387542543611,15.747160702932986
123.20387542543611,-11.01911801081771
125.25940698145382,-11.01911801081771
125.25940698145382,-0.23064893375768009
127.28128048609892,-0.23064893375768009
127.28128048609892,1.7544706381347686
129.2888201799238,1.7544706381347686
129.2888201799238,-1.5985769758991706
131.38287923914706,-1.5985769758991706
131.38287923914706,-11.4927031590512
133.41275389551967,-11.4927031590512
133.41275389551967,5.2684582298844
135.44046246724977,5.2684582298844
135.44046246724977,-1.0940035461377113
137.4838073784164,-1.0940035461377113
137.4838073784164,-2.016063717741122
139.55831390957144,-2.016063717741122
139.55831390957144,2.109597066365205
141.59379139993393,2.109597066365205
141.59379139993393,-2.728053276112701
143.64947446279302,-2.728053276112701
143.64947446279302,24.395730247354706
145.64970317228762,24.395730247354706
145.64970317228762,12.11248800884925
147.65786589758525,12.11248800884925
147.65786589758525,10.189112202248708
149.71837330673728,10.189112202248708
149.71837330673728,15.545975830048754
151.74257796628572,15.545975830048754
151.74257796628572,2.6719132862604433
153.77599752848667,2.6719132862604433
153.77599752848667,-13.525888949059446
155.8660608553143,-13.525888949059446
155.8660608553143,-10.843566849702812
157.93982289398426,-10.843566849702812
157.93982289398426,-0.8718210045200069
159.98651364985716,-0.8718210045200069
159.98651364985716,-4.383480902196375
161.9872443232205,-4.383480902196375
161.9872443232205,1.0932000681312386
164.01478806628612,1.0932000681312386
164.01478806628612,4.319296694138639
166.10665869826664,4.319296694138639
166.10665869826664,9.850924356039771
168.1115802910611,9.850924356039771
168.1115802910611,12.73024206648914
170.1479289520974,12.73024206648914
170.1479289520974,-11.610338611908341
172.19682366179836,-11.610338611908341
172.19682366179836,5.359515511107208
174.27534683947536,5.359515511107208
174.27534683947536,7.89679297475708
176.2778318014469,7.89679297475708
176.2778318014469,3.181640727365011
178.3735924798549,3.181640727365011
178.3735924798549,-11.502223715644941
180.43662417479533,-11.502223715644941
180.43662417479533,8.465761601062175
182.53036599829966,8.465761601062175
182.53036599829966,11.743009190916094
184.62887386299857,11.743009190916094
184.62887386299857,6.240757671442126
186.71687473455248,6.240757671442126
186.71687473455248,-2.591161491062048
188.73778306877503,-2.591161491062048
188.73778306877503,-3.579038257741875
190.80355008269325,-3.579038257741875
190.80355008269325,-7.368759513013297
192.8752656744664,-7.368759513013297
192.8752656744664,-5.611025522892275
194.88957408947036,-5.611025522892275
194.88957408947036,-2.800893546230262
196.90568911019795,-2.800893546230262
196.90568911019795,-0.7041311501074243
198.9273609224109,-0.7041311501074243
198.9273609224109,-22.57885122498118
201.00687511454868,-22.57885122498118
201.00687511454868,12.380740781742547
203.07327717324773,12.380740781742547
203.07327717324773,-5.469193047460376
205.15605563922412,-5.469193047460376
205.15605563922412,5.315293269306015
207.1917152346865,5.315293269306015
207.1917152346865,-16.483706857999675
209.2617329318596,-16.483706857999675
209.2617329318596,1.4876565042642265
211.28710043794075,1.4876565042642265
211.28710043794075,-5.676746737036694
213.350874178291,-5.676746737036694
213.350874178291,-1.4995237564570791
215.35562122323793,-1.4995237564570791
215.35562122323793,2.7996391135010317
217.439028111407,2.7996391135010317
217.439028111407,17.590425935400674
219.4976727009791,17.590425935400674
219.4976727009791,4.829861588295689
221.5965841948748,4.829861588295689
221.5965841948748,1.8492914679650962
223.60447247524218,1.8492914679650962
223.60447247524218,-2.9916591046356333
225.61397746663934,-2.9916591046356333
225.61397746663934,6.434152481262122
227.6294111495163,6.434152481262122
227.6294111495163,-2.9471754040514493
229.69756265455138,-2.9471754040514493
229.69756265455138,-6.906786729455568
231.7684226138122,-6.906786729455568
231.7684226138122,-6.379105767576474
233.84405474263005,-6.379105767576474
233.84405474263005,0.21607388145559941
235.8714285566848,0.21607388145559941
235.8714285566848,-2.872479664386185
237.8952770758563,-2.872479664386185
237.8952770758563,-7.588668262410775
239.9448268917298,-7.588668262410775
239.9448268917298,3.920859398008827
241.97390834816278,3.920859398008827
241.97390834816278,-2.3159648637015295
244.04519506767477,-2.3159648637015295
244.04519506767477,-3.9452142992515844
246.134432945021,-3.9452142992515844
246.134432945021,-4.920731502327809
248.15802063855102,-4.920731502327809
248.15802063855102,-2.903640940025734
250.2511199541942,-2.903640940025734
250.2511199541942,-8.439160134223295
252.32704503479349,-8.439160134223295
252.32704503479349,-19.741830148749656
254.41145351281966,-19.741830148749656
254.41145351281966,-11.221889684274602
256.41168713750886,-11.221889684274602
256.41168713750886,22.529856579199425
258.4540233323552,22.529856579199425
258.4540233323552,-4.0325801843675135
260.4967459968496,-4.0325801843675135
260.4967459968496,3.861623239759915
262.5024529296881,3.861623239759915
262.5024529296881,-12.470165732713967
264.535942960693,-12.470165732713967
264.535942960693,6.823309139338686
266.56080555904185,6.823309139338686
266.56080555904185,-7.934711427523259
268.65130052166336,-7.934711427523259
268.65130052166336,-6.31253387738756
270.6598412563125,-6.31253387738756
270.6598412563125,21.732000766736526
272.74668577280363,21.732000766736526
272.74668577280363,15.190857508907527
274.82885772503835,15.190857508907527
274.82885772503835,4.634681482976717
276.9230658755013,4.634681482976717
276.9230658755013,-0.3664693285033539
279.0039854966881,-0.3664693285033539
279.0039854966881,14.80256329736022
281.07512618343236,14.80256329736022
281.07512618343236,0.6221831729691818
283.1650900150922,0.6221831729691818
283.1650900150922,7.336097015652285
285.1737209235828,7.336097015652285
285.1737209235828,-15.34070417501818
287.2461150447555,-15.34070417501818
287.2461150447555,1.5026958289847139
289.26575427350593,1.5026958289847139
289.26575427350593,6.397741669496904
291.34342195710644,6.397741669496904
291.34342195710644,26.136342665965188
293.3491816769592,26.136342665965188
293.3491816769592,-6.753716278727099
295.380546920647,-6.753716278727099
295.380546920647,0.5740647085051611
297.3948412128632,0.5740647085051611
297.3948412128632,17.515501263341566
299.4173815289424,17.515501263341566
299.4173815289424,3.4719669385024927
301.5142908633419,3.4719669385024927
301.5142908633419,-2.908740614276717
303.52209886044426,-2.908740614276717
303.52209886044426,-5.104127590525566
305.5803023085058,-5.104127590525566
305.5803023085058,-2.4505672465325192
307.62684184099254,-2.4505672465325192
307.62684184099254,-5.679715495692273
309.6314380883773,-5.679715495692273
309.6314380883773,-6.7625370886512135
311.64350944103927,-6.7625370886512135
311.64350944103927,2.944716582813851
313.7009381377612,2.944716582813851
313.7009381377612,-6.351324344869072
315.723702710714,-6.351324344869072
315.723702710714,9.213088863772978
317.7860006465136,9.213088863772978
317.7860006465136,-1.3226496923659081
319.8198988878576,-1.3226496923659081
319.8198988878576,8.270720298519791
321.8626038707506,8.270720298519791
321.8626038707506,2.995727743218951
323.9537040818205,2.995727743218951
323.9537040818205,10.717371520734147
326.0489771139391,10.717371520734147
326.0489771139391,-18.735142040890413
328.1366829970604,-18.735142040890413
328.1366829970604,4.633965716443869
330.2323882719405,4.633965716443869
330.2323882719405,-3.6441136949213195
332.31684910057356,-3.6441136949213195
332.31684910057356,-6.205622070197416
334.37173375322766,-6.205622070197416
334.37173375322766,-27.101537102382693
336.3867085541066,-27.101537102382693
336.3867085541066,18.17925264858358
338.47906949215843,18.17925264858358
338.47906949215843,8.87967408909972
340.5423036223968,8.87967408909972
340.5423036223968,18.18176913148505
342.56040130741854,18.18176913148505
342.56040130741854,4.118643652634708
344.5915448789718,4.118643652634708
344.5915448789718,17.42049748324659
346.66517106161956,17.42049748324659
346.66517106161956,-6.55821249805284
348.69108285484907,-6.55821249805284
348.69108285484907,26.0190387366954
350.7272720434481,26.0190387366954
350.7272720434481,-5.887996196320558
352.7596680434981,-5.887996196320558
352.7596680434981,-1.2884217518546237
354.75994020408075,-1.2884217518546237
354.75994020408075,16.51161725929147
356.77692802235117,16.51161725929147
356.77692802235117,-3.499884991304528
358.8644876766335,-3.499884991304528
358.8644876766335,-1.6775176319582064
360.0,-1.6775176319582064
# Sen10.sensor_w #7
0.0,0.0
2.079907821696715,0.0
2.079907821696715,-10.308279778716576
4.133222209145815,-10.308279778716576
4.133222209145815,-3.673514317606912
6.184769132469559,-3.673514317606912
6.184769132469559,5.3394166205539015
8.26083445703829,5.3394166205539015
8.26083445703829,17.138183748337244
10.300901995471062,17.138183748337244
10.300901995471062,-6.874692593688839
12.348222302045171,-6.874692593688839
12.348222302045171,-1.7780735202823799
14.350184992845593,-1.7780735202823799
14.350184992845593,-3.480449198518738
16.439825341590314,-3.480449198518738
16.439825341590314,1.0604722713410748
18.47946251285313,1.0604722713410748
18.47946251285313,-15.224687878623422
20.48338220756554,-15.224687878623422
20.48338220756554,6.120232151406687
22.57846092407192,6.120232151406687
22.57846092407192,1.7605344183010172
24.57859331569703,1.7605344183010172
24.57859331569703,16.175412679382863
26.58533478479033,16.175412679382863
26.58533478479033,-22.277157310308958
28.642334619128587,-22.277157310308958
28.642334619128587,12.983416800312844
30.709392661393622,12.983416800312844
30.709392661393622,-19.348613741958687
32.74203609365693,-19.348613741958687
32.74203609365693,-11.993114112679157
34.78312660674637,-11.993114112679157
34.78312660674637,-11.033667532902836
36.824506012920004,-11.033667532902836
36.824506012920004,-7.981878984373073
38.88500367042663,-7.981878984373073
38.88500367042663,2.136094975659509
40.98040500276495,2.136094975659509
40.98040500276495,-8.852531436542304
43.06349820688366,-8.852531436542304
43.06349820688366,-19.52562534806687
45.09320272764193,-19.52562534806687
45.09320272764193,1.9542096335917476
47.182893968761284,1.9542096335917476
47.182893968761284,2.5397022595300434
49.18391845649235,2.5397022595300434
49.18391845649235,-16.334811045988385
51.23718932151991,-16.334811045988385
51.23718932151991,-11.695027831075473
53.279894813752854,-11.695027831075473
53.279894813752854,-5.492598976265516
55.289286855257025,-5.492598976265516
55.289286855257025,19.167042398603883
57.35946825965816,19.167042398603883
57.35946825965816,2.7952215099103
59.408846250565695,2.7952215099103
59.408846250565695,14.249616406745329
61.48865155095855,14.249616406745329
61.48865155095855,3.189711746107599
63.51872773980879,3.189711746107599
63.51872773980879,7.66190750702388
65.61129650662788,7.66190750702388
65.61129650662788,-15.7841152636881
67.66440677877415,-15.7841152636881
67.66440677877415,-11.335702056270883
69.67517260519678,-11.335702056270883
69.67517260519678,-5.254540866270076
71.74182402062635,-5.254540866270076
71.74182402062635,-16.035320428607
73.79247478177088,-16.035320428607
73.79247478177088,-0.6175250182784524
75.8780576581301,-0.6175250182784524
75.8780576581301,0.4092601121418974
77.93822993403946,0.4092601121418974
77.93822993403946,13.39987193186847
79.95003596663642,13.39987193186847
79.95003596663642,-4.704389141248584
82.04472299746206,-4.704389141248584
82.04472299746206,7.91015295256615
84.07967733747284,7.91015295256615
84.07967733747284,-3.9279849425483704
86.17787568951542,-3.9279849425483704
86.17787568951542,-18.83201116791721
88.26313774461431,-18.83201116791721
88.26313774461431,1.6006547019508301
90.3156018840008,1.6006547019508301
90.3156018840008,8.013140931466616
92.37968269291629,8.013140931466616
92.37968269291629,-18.819452772954538
94.45625102720291,-18.819452772954538
94.45625102720291,-9.561720064398294
96.50321355056786,-9.561720064398294
96.50321355056786,4.948358480259304
98.55446387426748,4.948358480259304
98.55446387426748,9.554569174560037
100.59714290702537,9.554569174560037
100.59714290702537,12.637869490803219
102.6798896362096,12.637869490803219
102.6798896362096,-9.488078320152075
104.75329574296642,-9.488078320152075
104.75329574296642,-10.837543280422912
106.82934500437898,-10.837543280422912
106.82934500437898,-2.725030695206083
108.86133129003183,-2.725030695206083
108.86133129003183,4.686129318541933
110.94973103961122,4.686129318541933
110.94973103961122,-0.34249905337546505
113.03249060137018,-0.34249905337546505
113.03249060137018,6.334473081607621
115.06452828982302,6.334473081607621
115.06452828982302,3.710490203926829
117.10725629572077,3.710490203926829
117.10725629572077,-2.983765436908952
119.19264658434213,-2.983765436908952
119.19264658434213,-0.2748765895343557
121.2823029415957,-0.2748765895343557
121.2823029415957,-4.651061445868944
123.35001043383195,-4.651061445868944
123.35001043383195,3.900106362485509
125.38775427366294,3.900106362485509
125.38775427366294,13.44553185953245
127.43701163150045,13.44553185953245
127.43701163150045,-12.70277998288321
129.4910420679476,-12.70277998288321
129.4910420679476,-6.992775239870324
131.5764350965783,-6.992775239870324
131.5764350965783,-2.577342289114373
133.60253620857137,-2.577342289114373
133.60253620857137,15.387765182178777
135.6534121596712,15.387765182178777
135.6534121596712,14.08617601182441
137.7276628050999,14.08617601182441
137.7276628050999,-21.680753973812084
139.7638358434707,-21.680753973812084
139.7638358434707,14.37870786287493
141.81545417227264,14.37870786287493
141.81545417227264,-10.33592243395194
143.82954630772522,-10.33592243395194
143.82954630772522,21.84150204754215
145.8490891053567,21.84150204754215
145.8490891053567,13.985402514797297
147.93414874151588,13.985402514797297
147.93414874151588,-10.522760599254022
150.01352316595853,-10.522760599254022
150.01352316595853,-6.885443533619967
152.01736924604745,-6.885443533619967
152.01736924604745,11.290820552534978
154.10101736211905,11.290820552534978
154.10101736211905,-13.731983883418373
156.1738533883465,-13.731983883418373
156.1738533883465,-11.86904909446666
158.23489547908457,-11.86904909446666
158.23489547908457,0.26804695823298147
160.3145874890703,0.26804695823298147
160.3145874890703,8.715699186102464
162.4019593502418,8.715699186102464
162.4019593502418,7.683651183470466
164.49049356942646,7.683651183470466
164.49049356942646,-19.327394117253128
166.5097364701295,-19.327394117253128
166.5097364701295,-6.7815124218783
168.53255126642884,-6.7815124218783
168.53255126642884,5.8944764603705195
170.5494947200536,5.8944764603705195
170.5494947200536,14.392576699858413
172.57082088658456,14.392576699858413
172.57082088658456,-5.803429723016256
174.63681740986,-5.803429723016256
174.63681740986,11.977367575385694
176.72869414962724,11.977367575385694
176.72869414962724,-9.328674817357147
178.80573621502603,-9.328674817357147
178.80573621502603,-6.472509354644414
180.87421167621838,-6.472509354644414
180.87421167621838,14.004355696252524
182.93938756491858,14.004355696252524
182.93938756491858,-10.650131626436579
185.02958655939054,-10.650131626436579
185.02958655939054,0.8030090145519215
187.12179006149407,0.8030090145519215
187.12179006149407,-18.370172562504315
189.18371989979204,-18.370172562504315
189.18371989979204,9.83432443137829
191.2383037611644,9.83432443137829
191.2383037611644,8.372513030935604
193.28959765783847,8.372513030935604
193.28959765783847,9.586204173190513
195.38236284607714,9.586204173190513
195.38236284607714,20.554809004204827
197.45316673724594,20.554809004204827
197.45316673724594,-29.604508860972345
199.46691106113275,-29.604508860972345
199.46691106113275,-0.6064955938763503
201.48556006611452,-0.6064955938763503
201.48556006611452,9.567221449714255
203.5716421145296,9.567221449714255
203.5716421145296,7.582602545700169
205.64625076039707,7.582602545700169
205.64625076039707,15.325789488261208
207.70649756298403,15.325789488261208
207.70649756298403,7.4165951489959205
209.79919312695444,7.4165951489959205
209.79919312695444,-6.211549839028603
211.8753180536412,-6.211549839028603
211.8753180536412,12.337264416315142
213.91059476989014,12.337264416315142
213.91059476989014,7.034926938454728
215.98647920294073,7.034926938454728
215.98647920294073,-13.815440820462738
218.06465513327734,-13.815440820462738
218.06465513327734,11.383869920050175
220.08640540385252,11.383869920050175
220.08640540385252,-2.6067289851787114
222.1295144732245,-2.6067289851787114
222.1295144732245,4.620342533562019
224.16039353151749,4.620342533562019
224.16039353151749,10.975061037340076
226.2487977238685,10.975061037340076
226.2487977238685,12.502288151936261
228.319520032926,12.502288151936261
228.319520032926,-6.533554064649736
230.36482707657896,-6.533554064649736
230.36482707657896,-6.560636621331703
232.4098467914391,-6.560636621331703
232.4098467914391,1.4869967107832351
234.41961961535293,1.4869967107832351
234.41961961535293,8.115997473583569
236.4766871811984,8.115997473583569
236.4766871811984,-0.7781868177788321
238.5711516246707,-0.7781868177788321
238.5711516246707,-8.019983648274893
240.66587933125385,-8.019983648274893
240.66587933125385,2.08781379129174
242.73632825076444,2.08781379129174
242.73632825076444,-7.658561948401493
244.75245515144283,-7.658561948401493
244.75245515144283,21.369504289256763
246.75851926003887,21.369504289256763
246.75851926003887,-8.570047746057712
248.8473266139516,-8.570047746057712
248.8473266139516,8.7980674743531
250.85615857486897,8.7980674743531
250.85615857486897,2.083049612728799
252.95163476799289,2.083049612728799
252.95163476799289,-3.5229050188995084
254.966779953699,-3.5229050188995084
254.966779953699,-0.2550470453069005
257.04550799841564,-0.2550470453069005
257.04550799841564,-15.563607215226638
259.09620566205905,-15.563607215226638
259.09620566205905,5.737018048224448
261.1484796599125,5.737018048224448
261.1484796599125,13.046269098074566
263.18949599658424,13.046269098074566
263.18949599658424,-14.53104604650709
265.2741480706609,-14.53104604650709
265.2741480706609,10.264026676496263
267.33776831172275,10.264026676496263
267.33776831172275,-6.257021924414677
269.3451425479203,-6.257021924414677
269.3451425479203,5.496426983651171
271.384788277787,5.496426983651171
271.384788277787,-4.744405731507219
273.4322685573758,-4.744405731507219
273.4322685573758,-2.186017195742653
275.518498697069,-2.186017195742653
275.518498697069,-16.639444924950674
277.56987192513884,-16.639444924950674
277.56987192513884,-9.522940131602747
279.6420407016719,-9.522940131602747
279.6420407016719,-12.989283877571633
281.701298591742,-12.989283877571633
281.701298591742,-18.04695054741175
283.7303302462444,-18.04695054741175
283.7303302462444,2.4928728702298084
285.796538891217,2.4928728702298084
285.796538891217,6.566489262703621
287.845918094786,6.566489262703621
287.845918094786,18.87805631855502
289.8682276429148,18.87805631855502
289.8682276429148,4.817595566360746
291.910311919475,4.817595566360746
291.910311919475,-1.1979920181006696
293.95249407969084,-1.1979920181006696
293.95249407969084,-27.04335454486429
295.95429706068427,-27.04335454486429
295.95429706068427,-3.567121740226395
298.00692021229287,-3.567121740226395
298.00692021229287,26.613204377529215
300.0350843003673,26.613204377529215
300.0350843003673,12.256943809572775
302.0968431450735,12.256943809572775
302.0968431450735,-1.8578956653440462
304.17104731970556,-1.8578956653440462
304.17104731970556,20.802507055117857
306.2532450000137,20.802507055117857
306.2532450000137,-4.209545015550026
308.26913527479303,-4.209545015550026
308.26913527479303,1.0051855185546401
310.3139071788727,1.0051855185546401
310.3139071788727,-12.983345471704236
312.35534980549255,-12.983345471704236
312.35534980549255,-11.12753795843345
314.3704950701753,-11.12753795843345
314.3704950701753,3.386457279257931
316.40412026373343,3.386457279257931
316.40412026373343,6.943351547966772
318.4517082950538,6.943351547966772
318.4517082950538,-7.08596846856312
320.51232516674315,-7.08596846856312
320.51232516674315,-6.221861460513994
322.54601059057313,-6.221861460513994
322.54601059057313,0.7546840965356828
324.6008796130756,0.7546840965356828
324.6008796130756,6.4415569597539175
326.68715472461537,6.4415569597539175
326.68715472461537,-3.389378795496669
328.6996279238063,-3.389378795496669
328.6996279238063,11.09684471946988
330.78177576103457,11.09684471946988
330.78177576103457,-10.171693393872982
332.87653295367085,-10.171693393872982
332.87653295367085,13.13213157787146
334.93041052882234,13.13213157787146
334.93041052882234,-1.3752353978655494
336.93358514810626,-1.3752353978655494
336.93358514810626,3.581416586361341
338.9759017909948,3.581416586361341
338.9759017909948,-5.284357917383468
340.9794107330805,-5.284357917383468
340.9794107330805,-14.167960865886943
342.99133022561676,-14.167960865886943
342.99133022561676,11.247169831343754
345.08927441507745,11.247169831343754
345.08927441507745,3.3500350323142287
347.1104323575108,3.3500350323142287
347.1104323575108,-18.094071412851342
349.1949496741725,-18.094071412851342
349.1949496741725,5.306351028947249
351.2677764916206,5.306351028947249
351.2677764916206,3.893027837503344
353.33056767837144,3.893027837503344
353.33056767837144,-12.299414551424912
355.4123724184981,-12.299414551424912
355.4123724184981,-9.433917029967528
357.50851193269403,-9.433917029967528
357.50851193269403,12.388973347067507
359.5864303923274,12.388973347067507
359.5864303923274,-7.961341368896178
360.0,-7.961341368896178
# Sen10.sensor_w #8
0.0,0.0
2.0325215090869677,0.0
2.0325215090869677,-6.523612847852371
4.073507765165969,-6.523612847852371
4.073507765165969,-4.176212662266906
6.171978986278054,-4.176212662266906
6.171978986278054,3.976008888949818
8.258376261195815,3.976008888949818
8.258376261195815,-5.024780752620646
10.278318033108915,-5.024780752620646
10.278318033108915,-3.4314016529432916
12.343493942262095,-3.4314016529432916
12.343493942262095,-0.6632351340845133
14.368859695896921,-0.6632351340845133
14.368859695896921,-9.174703251957968
16.418207578381935,-9.174703251957968
16.418207578381935,5.16389023564474
18.421927381816754,5.16389023564474
18.421927381816754,1.9753601655122357
20.427110447918526,1.9753601655122357
20.427110447918526,-2.4353433325382774
22.43277301680997,-2.4353433325382774
22.43277301680997,-0.06361587194956846
24.433228794110516,-0.06361587194956846
24.433228794110516,-6.219044537650565
26.46439294479561,-6.219044537650565
26.46439294479561,9.155254410620165
28.470441602913287,9.155254410620165
28.470441602913287,-9.05200579604385
30.552419554615327,-9.05200579604385
30.552419554615327,-13.437916709272795
32.65003577724039,-13.437916709272795
32.65003577724039,-6.028155095693872
34.71165651844658,-6.028155095693872
34.71165651844658,17.671380385977344
36.74960726220473,17.671380385977344
36.74960726220473,-0.8807403536241509
38.76170049768721,-0.8807403536241509
38.76170049768721,6.959674696121411
40.775572227852784,6.959674696121411
40.775572227852784,-4.857647769104
42.8551558332582,-4.857647769104
42.8551558332582,-4.225224656645189
44.92374112255119,-4.225224656645189
44.92374112255119,-9.341010041005966
46.93394565401315,-9.341010041005966
46.93394565401315,-0.7189525843242618
49.028148362062105,-0.7189525843242618
49.028148362062105,-14.586338922995214
51.12653896530476,-14.586338922995214
51.12653896530476,-3.378896453308032
53.17362389854476,-3.378896453308032
53.17362389854476,-7.758952729616829
55.26033844974681,-7.758952729616829
55.26033844974681,24.345789997494656
57.334211101209284,24.345789997494656
57.334211101209284,-18.865744849375222
59.37393741898645,-18.865744849375222
59.37393741898645,-12.846284171536123
61.456081617200645,-12.846284171536123
61.456081617200645,13.620917119566023
63.487070295201356,13.620917119566023
63.487070295201356,0.32757248346997697
65.57017228032424,0.32757248346997697
65.57017228032424,4.520662537754756
67.62232476957779,4.520662537754756
67.62232476957779,8.808492570138817
69.65797511940517,8.808492570138817
69.65797511940517,-22.202348759641062
71.66905512910486,-22.202348759641062
71.66905512910486,7.029510608477077
73.70844209245087,7.029510608477077
73.70844209245087,12.422958738314946
75.7143726670616,12.422958738314946
75.7143726670616,11.536226871298181
77.80845994215584,11.536226871298181
77.80845994215584,-12.255248995854647
79.85451081589495,-12.255248995854647
79.85451081589495,-5.296707613447239
81.94879959678136,-5.296707613447239
81.94879959678136,2.372464964951995
84.04709140242389,2.372464964951995
84.04709140242389,6.585354802779881
86.12306822116543,6.585354802779881
86.12306822116543,25.362853889284892
88.22218255617014,25.362853889284892
88.22218255617014,-4.151697720425928
90.29602232636672,-4.151697720425928
90.29602232636672,-7.565588536344947
92.34636441986233,-7.565588536344947
92.34636441986233,10.033169160865501
94.36247436139307,10.033169160865501
94.36247436139307,-12.143786459011721
96.39030388859948,-12.143786459011721
96.39030388859948,16.048821797043725
98.45117754926184,16.048821797043725
98.45117754926184,5.657148291214967
100.45818461523592,5.657148291214967
100.45818461523592,-5.003153160143387
102.50571094226748,-5.003153160143387
102.50571094226748,7.27883053898824
104.57602879341322,7.27883053898824
104.57602879341322,-3.854053662886457
106.67372648101349,-3.854053662886457
106.67372648101349,-5.310837960681734
108.77141927970504,-5.310837960681734
108.77141927970504,11.241710021739
110.78918992372616,11.241710021739
110.78918992372616,-14.262143987753948
112.84854280538923,-14.262143987753948
112.84854280538923,-3.269149378088372
114.85028104914873,-3.269149378088372
114.85028104914873,10.48530789589243
116.9328260862903,10.48530789589243
116.9328260862903,-4.792325581233669
118.97383658387047,-4.792325581233669
118.97383658387047,-8.377132328603752
121.06184451535698,-8.377132328603752
121.06184451535698,6.1460050577563665
123.1341000283427,6.1460050577563665
123.1341000283427,2.0788662888134763
125.14867535736974,2.0788662888134763
125.14867535736974,18.08186241611211
127.17034178595611,18.08186241611211
127.17034178595611,19.57223882114484
129.19038436983791,19.57223882114484
129.19038436983791,19.535611481504283
131.21182788098764,19.535611481504283
131.21182788098764,1.9639584214959704
133.2437309813847,1.9639584214959704
133.2437309813847,0.7157423540533401
135.33374702683153,0.7157423540533401
135.33374702683153,13.071504677339849
137.4244853433358,13.071504677339849
137.4244853433358,-3.4105505189070984
139.44903992644,-3.4105505189070984
139.44903992644,9.195150353129428
141.47074716646637,9.195150353129428
141.47074716646637,17.075597472350534
143.5412346378867,17.075597472350534
143.5412346378867,33.573027083458044
145.57445541922067,33.573027083458044
145.57445541922067,1.8742218795924082
147.57762547316085,1.8742218795924082
147.57762547316085,-2.269318213915538
149.59120260415648,-2.269318213915538
149.59120260415648,-19.0768698888102
151.68849132452905,-19.0768698888102
151.68849132452905,16.619958367572135
153.7784134003032,16.619958367572135
153.7784134003032,0.98401932061148
155.84343886942835,0.98401932061148
155.84343886942835,10.177057534390102
157.89422486945278,10.177057534390102
157.89422486945278,16.859919067814594
159.94180395672308,16.859919067814594
159.94180395672308,4.961078690096398
161.97119317468454,4.961078690096398
161.97119317468454,10.076665320453259
163.99875790001974,10.076665320453259
163.99875790001974,-9.596824948009221
166.07244574336886,-9.596824948009221
166.07244574336886,-7.38217267933387
168.1509429366801,-7.38217267933387
168.1509429366801,-9.764462916666538
170.15667627423602,-9.764462916666538
170.15667627423602,-3.124705088991617
172.17944206495363,-3.124705088991617
172.17944206495363,15.988557227451787
174.26323153057072,15.988557227451787
174.26323153057072,-17.304947942739282
176.2768721456818,-17.304947942739282
176.2768721456818,13.450655899734121
178.35162429510993,13.450655899734121
178.35162429510993,-3.9193155408736615
180.38158487188065,-3.9193155408736615
180.38158487188065,7.7591009180111525
182.45549960262062,7.7591009180111525
182.45549960262062,16.768865393240443
184.53819804392816,16.768865393240443
184.53819804392816,-1.815108062824532
186.61165207201662,-1.815108062824532
186.61165207201662,-3.6241146295167246
188.65154254283792,-3.6241146295167246
188.65154254283792,-7.899966807353328
190.69251519864983,-7.899966807353328
190.69251519864983,-17.363002691991323
192.77167095987585,-17.363002691991323
192.77167095987585,-9.29592436282459
194.82655425007442,-9.29592436282459
194.82655425007442,-9.076758073062566
196.82947155955225,-9.076758073062566
196.82947155955225,-5.09669128812792
198.9268586852987,-5.09669128812792
198.9268586852987,6.5486129776145106
200.9394235402278,6.5486129776145106
200.9394235402278,-6.9107962451719915
202.94258892869277,-6.9107962451719915
202.94258892869277,1.3849905249119745
205.0083915401042,1.3849905249119745
205.0083915401042,-27.367518791733225
207.06156515638727,-27.367518791733225
207.06156515638727,0.9116847231044196
209.10564094347006,0.9116847231044196
209.10564094347006,-2.5316713470105445
211.10959463429683,-2.5316713470105445
211.10959463429683,15.288850168238433
213.13137888524716,15.288850168238433
213.13137888524716,-9.612725139526965
215.19033072004584,-9.612725139526965
215.19033072004584,1.4537584599369324
217.2208685786146,1.4537584599369324
217.2208685786146,-1.8416689552897099
219.26989097694707,-1.8416689552897099
219.26989097694707,-9.059273639360372
221.29020332917318,-9.059273639360372
221.29020332917318,-27.24858387899893
223.3463340752013,-27.24858387899893
223.3463340752013,1.1957125316772381
225.37119017553457,1.1957125316772381
225.37119017553457,16.84836698081864
227.46701767031695,16.84836698081864
227.46701767031695,-7.618994567025599
229.47623881976236,-7.618994567025599
229.47623881976236,-16.614561887386028
231.51181926603132,-16.614561887386028
231.51181926603132,-2.1725830384390186
233.53715774060873,-2.1725830384390186
233.53715774060873,11.20040698608943
235.62430375477757,11.20040698608943
235.62430375477757,-5.503132667845334
237.64426884491445,-5.503132667845334
237.64426884491445,-0.8701943871340716
239.73740769779332,-0.8701943871340716
239.73740769779332,5.374503719572119
241.80823261366237,5.374503719572119
241.80823261366237,-18.373423386696025
243.8345972906933,-18.373423386696025
243.8345972906933,-1.651606110856363
245.92451587053756,-1.651606110856363
245.92451587053756,9.665502865612567
247.9922453947448,9.665502865612567
247.9922453947448,0.17316600157880674
250.01721043624798,0.17316600157880674
250.01721043624798,3.5220324815160398
252.11437950571244,3.5220324815160398
252.11437950571244,11.708377940858343
254.12354732643976,11.708377940858343
254.12354732643976,-21.799178286762242
256.14812056817266,-21.799178286762242
256.14812056817266,4.231500598616997
258.1847838884612,4.231500598616997
258.1847838884612,2.3320131509717075
260.2750415493798,2.3320131509717075
260.2750415493798,1.3995146732887824
262.2998638550697,1.3995146732887824
262.2998638550697,3.6395348039850455
264.37308230131794,3.6395348039850455
264.37308230131794,-3.318800973174519
266.3819417915311,-3.318800973174519
266.3819417915311,3.9396502921574728
268.42259140619905,3.9396502921574728
268.42259140619905,1.9367279791102596
270.48811848871173,1.9367279791102596
270.48811848871173,-0.6353594117496536
272.5564812418251,-0.6353594117496536
272.5564812418251,11.06386733983558
274.64887325512086,11.06386733983558
274.64887325512086,-24.54231875220276
276.6973516318237,-24.54231875220276
276.6973516318237,7.679846450977138
278.7926551203308,7.679846450977138
278.7926551203308,-11.364397724591926
280.87307129975267,-11.364397724591926
280.87307129975267,-14.024614433561553
282.93331167216866,-14.024614433561553
282.93331167216866,-13.975852504301818
285.02948015912574,-13.975852504301818
285.02948015912574,-6.523848767498976
287.0590065072123,-6.523848767498976
287.0590065072123,-10.255124747859368
289.1101639150605,-10.255124747859368
289.1101639150605,22.843502004761977
291.1522776041818,22.843502004761977
291.1522776041818,-14.909759879886767
293.21837093410454,-14.909759879886767
293.21837093410454,5.412718817119777
295.2573516761309,5.412718817119777
295.2573516761309,3.9187669472120055
297.275862633493,3.9187669472120055
297.275862633493,8.432177780410402
299.2968583868532,8.432177780410402
299.2968583868532,6.76920968574837
301.31995934741093,6.76920968574837
301.31995934741093,12.819356142202807
303.36832322519416,12.819356142202807
303.36832322519416,-8.030734350187782
305.37112595373014,-8.030734350187782
305.37112595373014,-8.688978816884628
307.37501036503113,-8.688978816884628
307.37501036503113,2.248966866679355
309.3961989465049,2.248966866679355
309.3961989465049,18.37522887310238
311.45088750637757,18.37522887310238
311.45088750637757,-19.73837589143361
313.5032662582975,-19.73837589143361
313.5032662582975,10.903420314541282
315.51425033329747,10.903420314541282
315.51425033329747,-19.34747709315026
317.5998468164868,-19.34747709315026
317.5998468164868,-4.751587433730535
319.68445272980836,-4.751587433730535
319.68445272980836,0.720413843014387
321.6890100988761,0.720413843014387
321.6890100988761,11.208203351562688
323.69040793780897,11.208203351562688
323.69040793780897,2.7198254103275605
325.7532687049569,2.7198254103275605
325.7532687049569,1.1365895250637106
327.8317019828813,1.1365895250637106
327.8317019828813,-3.2498348355495468
329.85352205049605,-3.2498348355495468
329.85352205049605,-4.906929716246435
331.90747535589554,-4.906929716246435
331.90747535589554,-9.488621501753878
333.93552041812774,-9.488621501753878
333.93552041812774,-15.428917497869598
336.0179237645205,-15.428917497869598
336.0179237645205,-8.147637995581569
338.0974936152563,-8.147637995581569
338.0974936152563,-18.79600813271989
340.16840869383805,-18.79600813271989
340.16840869383805,-6.910833848339182
342.24340419522156,-6.910833848339182
342.24340419522156,3.195240221927192
344.2525615684193,3.195240221927192
344.2525615684193,9.008217191738051
346.3431535724306,9.008217191738051
346.3431535724306,17.669628742641436
348.3552114458747,17.669628742641436
348.3552114458747,0.2195050039316448
350.3927847093434,0.2195050039316448
350.3927847093434,3.3068026703978837
352.4458764777412,3.3068026703978837
352.4458764777412,-9.826518946365594
354.4633220221745,-9.826518946365594
354.4633220221745,17.487766063061063
356.53798943685587,17.487766063061063
356.53798943685587,0.45968320696411463
358.56081882887327,0.45968320696411463
358.56081882887327,-13.661970292496346
360.0,-13.661970292496346
# Sen10.sensor_w #9
0.0,0.0
2.064521979143075,0.0
2.064521979143075,3.9434453529259192
4.14428818367906,3.9434453529259192
4.14428818367906,1.797466503416039
6.22530642431323,1.797466503416039
6.22530642431323,6.277037233048492
8.286112717634923,6.277037233048492
8.286112717634923,4.314578436984412
10.354997726064408,4.314578436984412
10.354997726064408,1.9760698312267941
12.362083809776456,1.9760698312267941
12.362083809776456,4.724406410677088
14.412062427813629,4.724406410677088
14.412062427813629,-1.0637616060549717
16.412867701768384,-1.0637616060549717
16.412867701768384,-8.445555727747294
18.441295076161257,-8.445555727747294
18.441295076161257,-13.584395968619255
20.506674150684862,-13.584395968619255
20.506674150684862,12.670781656470705
22.566436902838003,12.670781656470705
22.566436902838003,21.938079159131103
24.60007794669153,21.938079159131103
24.60007794669153,12.985839691501575
26.699419643418867,12.985839691501575
26.699419643418867,9.242740885405071
28.747118287614637,9.242740885405071
28.747118287614637,-12.562858604304832
30.838985656425248,-12.562858604304832
30.838985656425248,-2.997896352189664
32.84271757166359,-2.997896352189664
32.84271757166359,2.7957467687431197
34.933058359230095,2.7957467687431197
34.933058359230095,-1.3769376536583042
36.946895411879005,-1.3769376536583042
36.946895411879005,15.600227433953863
38.987343424361406,15.600227433953863
38.987343424361406,2.7574095171465696
41.00515882080724,2.7574095171465696
41.00515882080724,14.380360168915713
43.02709115006801,14.380360168915713
43.02709115006801,9.929458805931223
45.11145880937314,9.929458805931223
45.11145880937314,-7.891889098964816
47.15883194918484,-7.891889098964816
47.15883194918484,2.2546432808064627
49.17427568868942,2.2546432808064627
49.17427568868942,-10.445092170272643
51.18884701310576,-10.445092170272643
51.18884701310576,-3.459816436241063
53.274990782476536,-3.459816436241063
53.274990782476536,2.626759377325987
55.33911039668403,2.626759377325987
55.33911039668403,-10.6118873689494
57.40983104433112,-10.6118873689494
57.40983104433112,-10.049302056007956
59.47507959795804,-10.049302056007956
59.47507959795804,-8.432847719108635
61.51863757333833,-8.432847719108635
61.51863757333833,-2.964662106212004
63.53201125276076,-2.964662106212004
63.53201125276076,13.73890615717152
65.56770938196847,13.73890615717152
65.56770938196847,4.848380760683507
67.5917197026048,4.848380760683507
67.5917197026048,13.606566389139354
69.6821956871045,13.606566389139354
69.6821956871045,20.028170662449938
71.73313549347513,20.028170662449938
71.73313549347513,17.374799418513895
73.77975118264884,17.374799418513895
73.77975118264884,-11.22140078709847
75.79991331221387,-11.22140078709847
75.79991331221387,0.9283376571436474
77.82840216783647,0.9283376571436474
77.82840216783647,-4.517502337002796
79.84736636902501,-4.517502337002796
79.84736636902501,5.0468787517604685
81.92797783308018,5.0468787517604685
81.92797783308018,7.095032799376519
84.00458333650809,7.095032799376519
84.00458333650809,-15.886559642529788
86.0527493061066,-15.886559642529788
86.0527493061066,0.3966311385045722
88.05767581169822,0.3966311385045722
88.05767581169822,5.5364388688315245
90.10829386010083,5.5364388688315245
90.10829386010083,1.5739193375664335
92.20779895338869,1.5739193375664335
92.20779895338869,-1.222013216301415
94.24052665658456,-1.222013216301415
94.24052665658456,4.536847771114934
96.33756398071655,4.536847771114934
96.33756398071655,-11.903276121734594
98.36004863941045,-11.903276121734594
98.36004863941045,-2.318952207843776
100.36804342764354,-2.318952207843776
100.36804342764354,2.4998411913961522
102.41470503707797,2.4998411913961522
102.41470503707797,1.829438733559803
104.45133282669963,1.829438733559803
104.45133282669963,-6.819242406685184
106.54674403218573,-6.819242406685184
106.54674403218573,16.79175806956496
108.55579951231378,16.79175806956496
108.55579951231378,19.40253524561802
110.6070309752202,19.40253524561802
110.6070309752202,-15.080796183040704
112.63277274383005,-15.080796183040704
112.63277274383005,6.553719854077633
114.64310837116788,6.553719854077633
114.64310837116788,-5.023031036093304
116.64355974973866,-5.023031036093304
116.64355974973866,3.118291240978936
118.66103326078715,3.118291240978936
118.66103326078715,-14.434036999261522
120.66726775936519,-14.434036999261522
120.66726775936519,-7.794513914386768
122.72802468718454,-7.794513914386768
122.72802468718454,-3.4550317074311816
124.7831996805156,-3.4550317074311816
124.7831996805156,5.4797303598801514
126.86569704063042,5.4797303598801514
126.86569704063042,1.788326916434172
128.8892948744239,1.788326916434172
128.8892948744239,-10.792880651301298
130.9619392174519,-10.792880651301298
130.9619392174519,8.47248399330498
132.98400182665685,8.47248399330498
132.98400182665685,6.053090633012214
135.0542201329011,6.053090633012214
135.0542201329011,-1.3926791541232322
137.05814176786095,-1.3926791541232322
137.05814176786095,3.0461923762543868
139.0757030192828,3.0461923762543868
139.0757030192828,-9.471385577423625
141.0822198719782,-9.471385577423625
141.0822198719782,-1.5319946395319548
143.12777932589577,-1.5319946395319548
143.12777932589577,2.45933670007641
145.20470104186066,2.45933670007641
145.20470104186066,11.44848083666784
147.2362752736658,11.44848083666784
147.2362752736658,10.35701483971549
149.31448962780698,10.35701483971549
149.31448962780698,-7.57781414947055
151.37651454863948,-7.57781414947055
151.37651454863948,-4.10816316889013
153.46056356575875,-4.10816316889013
153.46056356575875,14.117260181272215
155.55321661010834,14.117260181272215
155.55321661010834,-12.415458548034426
157.6275861135728,-12.415458548034426
157.6275861135728,0.7873810949377568
159.64433903198653,0.7873810949377568
159.64433903198653,-4.5884186796276305
161.7374939905591,-4.5884186796276305
161.7374939905591,2.338651032864227
163.74251151402652,2.338651032864227
163.74251151402652,-14.876137635307185
165.81443412544095,-14.876137635307185
165.81443412544095,-3.9760210355975785
167.8898157157756,-3.9760210355975785
167.8898157157756,1.1513072717605963
169.98862776829375,1.1513072717605963
169.98862776829375,8.161465490828846
172.03684142333785,8.161465490828846
172.03684142333785,-9.138953187910206
174.05662006958707,-9.138953187910206
174.05662006958707,13.869583121658643
176.12341780023453,13.869583121658643
176.12341780023453,-15.746606010626731
178.13973777816094,-15.746606010626731
178.13973777816094,17.284163130845535
180.15447941252881,17.284163130845535
180.15447941252881,-8.615581208336508
182.21757535646114,-8.615581208336508
182.21757535646114,19.260553057859834
184.28159315961312,19.260553057859834
184.28159315961312,-4.072396207098218
186.29746937237567,-4.072396207098218
186.29746937237567,-19.054294868399246
188.35219871990034,-19.054294868399246
188.35219871990034,10.900305902416383
190.38529629524263,10.900305902416383
190.38529629524263,0.012177846915122506
192.38720080427282,0.012177846915122506
192.38720080427282,-16.842588699268
194.48169595379827,-16.842588699268
194.48169595379827,3.361293206962322
196.51398715774496,3.361293206962322
196.51398715774496,-4.296136514591397
198.5725556643862,-4.296136514591397
198.5725556643862,-0.5027781721906961
200.63813243182406,-0.5027781721906961
200.63813243182406,5.919030526860645
202.68951373519394,5.919030526860645
202.68951373519394,10.985508834040626
204.76315053719134,10.985508834040626
204.76315053719134,7.787164145305072
206.85661994996977,7.787164145305072
206.85661994996977,-1.1061012366073166
208.9077315501515,-1.1061012366073166
208.9077315501515,-2.677800298853073
210.970394847557,-2.677800298853073
210.970394847557,-2.943364733606325
212.99723941326695,-2.943364733606325
212.99723941326695,2.069861428459448
215.02034943093625,2.069861428459448
215.02034943093625,1.1209065151358288
217.08528711478064,1.1209065151358288
217.08528711478064,1.210888388256579
219.11077760268296,1.210888388256579
219.11077760268296,-0.35482012191645906
221.1435006980477,-0.35482012191645906
221.1435006980477,2.231752757351367
223.2424611940025,2.231752757351367
223.2424611940025,-15.638191246941325
225.26392038790257,-15.638191246941325
225.26392038790257,-18.057348311775964
227.296753901683,-18.057348311775964
227.296753901683,-8.413602962610545
229.35986162866195,-8.413602962610545
229.35986162866195,16.393238011316775
231.4047613476963,16.393238011316775
231.4047613476963,-3.4975540583882103
233.48104775573077,-3.4975540583882103
233.48104775573077,12.29263268849823
235.51229775475278,12.29263268849823
235.51229775475278,-2.3388287907448286
237.57163340106536,-2.3388287907448286
237.57163340106536,-3.9241340256703867
239.598416573526,-3.9241340256703867
239.598416573526,4.713595572734231
241.62559472138017,4.713595572734231
241.62559472138017,0.853376141443536
243.71852212665485,0.853376141443536
243.71852212665485,2.2971898531434602
245.7906968459586,2.2971898531434602
245.7906968459586,4.899660711475584
247.80652347738908,4.899660711475584
247.80652347738908,-6.1980302035059385
249.85225935199804,-6.1980302035059385
249.85225935199804,3.23516233900216
251.93018999980958,3.23516233900216
251.93018999980958,-8.237456975934991
254.01121289129551,-8.237456975934991
254.01121289129551,5.750674007629248
256.08901497984743,5.750674007629248
256.08901497984743,-0.8113312756954473
258.140092102098,-0.8113312756954473
258.140092102098,-7.581577413462438
260.21886892850455,-7.581577413462438
260.21886892850455,5.887351860218917
262.27994150205967,5.887351860218917
262.27994150205967,-25.13830524823268
264.314561379512,-25.13830524823268
264.314561379512,-1.93339938294636
266.3941431505285,-1.93339938294636
266.3941431505285,-10.64582137309288
268.4029764641226,-10.64582137309288
268.4029764641226,8.164740469639968
270.4778740736463,8.164740469639968
270.4778740736463,-0.30436238352431794
272.47809037168486,-0.30436238352431794
272.47809037168486,7.962990132483827
274.5591927614392,7.962990132483827
274.5591927614392,21.43735973109083
276.59095713933266,21.43735973109083
276.59095713933266,-19.18762363258219
278.5951943222138,-19.18762363258219
278.5951943222138,-9.415811341142161
280.6933269269222,-9.415811341142161
280.6933269269222,14.906408432941756
282.70671311015013,14.906408432941756
282.70671311015013,16.18128997733595
284.76735443716194,16.18128997733595
284.76735443716194,12.919525077381582
286.818099487393,12.919525077381582
286.818099487393,20.017787938336376
288.8191505222882,20.017787938336376
288.8191505222882,-3.5672011217502124
290.89942521135265,-3.5672011217502124
290.89942521135265,-3.8870054110246226
292.9022660790615,-3.8870054110246226
292.9022660790615,4.550024049758623
294.9782765388015,4.550024049758623
294.9782765388015,-0.3340458402065366
297.04663378323363,-0.3340458402065366
297.04663378323363,-6.146314785333978
299.12402460333453,-6.146314785333978
299.12402460333453,10.953251585742745
301.20568484701755,10.953251585742745
301.20568484701755,22.142461441513483
303.2785672128258,22.142461441513483
303.2785672128258,11.357981977525606
305.2903432309689,11.357981977525606
305.2903432309689,-0.37941392815033037
307.3765051180563,-0.37941392815033037
307.3765051180563,-7.523179527942237
309.4030087272939,-7.523179527942237
309.4030087272939,4.314015692785836
311.4183155314205,4.314015692785836
311.4183155314205,5.161932876422622
313.4445313054437,5.161932876422622
313.4445313054437,-3.4552942390853127
315.47355344654505,-3.4552942390853127
315.47355344654505,13.533401477151596
317.49312552686484,13.533401477151596
317.49312552686484,-13.681565219047993
319.5748406553546,-13.681565219047993
319.5748406553546,3.499602921736709
321.6633530356252,3.499602921736709
321.6633530356252,-0.8542805653913728
323.6786613151465,-0.8542805653913728
323.6786613151465,-6.21364271069888
325.69582338614066,-6.21364271069888
325.69582338614066,-4.297302019513446
327.77959964572636,-4.297302019513446
327.77959964572636,-4.8344896321148925
329.7949994758632,-4.8344896321148925
329.7949994758632,-8.751972749965521
331.82817362015317,-8.751972749965521
331.82817362015317,-0.2790624748876342
333.90523643183576,-0.2790624748876342
333.90523643183576,-11.40021046790938
335.9582595870327,-11.40021046790938
335.9582595870327,7.171723972669337
337.9690578744946,7.171723972669337
337.9690578744946,-17.243892939784075
339.9949998232506,-17.243892939784075
339.9949998232506,6.235240503060067
342.05775015456345,6.235240503060067
342.05775015456345,11.918115572184513
344.09813383025835,11.918115572184513
344.09813383025835,-12.19118019127923
346.1051392617851,-12.19118019127923
346.1051392617851,2.510652788617336
348.1535301087253,2.510652788617336
348.1535301087253,8.211392191123155
350.18529882208173,8.211392191123155
350.18529882208173,5.571286409838247
352.1968681876651,5.571286409838247
352.1968681876651,6.929873212454833
354.22597758764704,6.929873212454833
354.22597758764704,-2.6338309865346963
356.2265100193151,-2.6338309865346963
356.2265100193151,-8.831965595336134
358.3172670642776,-8.831965595336134
358.3172670642776,-16.027076018002635
360.0,-16.027076018002635
# Sen10.sensor_w #10
0.0,0.0
2.0310186045837906,0.0
2.0310186045837906,10.942725653462775
4.118850675446548,10.942725653462775
4.118850675446548,-7.943433943735708
6.139109966775961,-7.943433943735708
6.139109966775961,-5.933477755840486
8.210806721915581,-5.933477755840486
8.210806721915581,-8.60660593333505
10.296989530486849,-8.60660593333505
10.296989530486849,-10.736287828262936
12.343160077369626,-10.736287828262936
12.343160077369626,5.213238988679441
14.41568032589167,5.213238988679441
14.41568032589167,-0.08415445112520062
16.500951473867108,-0.08415445112520062
16.500951473867108,-1.6413767566524082
18.525335969535398,-1.6413767566524082
18.525335969535398,-2.1123011292909886
20.62241856196255,-2.1123011292909886
20.62241856196255,7.303941812503419
22.63678907464552,7.303941812503419
22.63678907464552,12.536643529718782
24.643408670614644,12.536643529718782
24.643408670614644,-16.79825787122406
26.64779513792737,-16.79825787122406
26.64779513792737,2.425679624572895
28.689756359906397,2.425679624572895
28.689756359906397,-11.933627889116092
30.69079986927241,-11.933627889116092
30.69079986927241,7.99607361830212
32.70502229498378,7.99607361830212
32.70502229498378,16.492101788126064
34.721103918134766,16.492101788126064
34.721103918134766,16.31430175760747
36.72296714980769,16.31430175760747
36.72296714980769,-0.8054514286555166
38.727060642886556,-0.8054514286555166
38.727060642886556,6.375632028918819
40.74785528322836,6.375632028918819
40.74785528322836,4.593087678383807
42.77116999847505,4.593087678383807
42.77116999847505,-6.909599046229999
44.80840362162428,-6.909599046229999
44.80840362162428,-6.194496902515546
46.83010041179237,-6.194496902515546
46.83010041179237,7.1897473299948365
48.871977132476054,7.1897473299948365
48.871977132476054,-0.78987414412357
50.917202850697706,-0.78987414412357
50.917202850697706,-5.204163588033755
52.91966306975687,-5.204163588033755
52.91966306975687,-5.131579239042291
54.955789446509485,-5.131579239042291
54.955789446509485,3.1442298689930577
56.99576828761965,3.1442298689930577
56.99576828761965,-9.384717224753876
59.075547541209886,-9.384717224753876
59.075547541209886,-8.47695749451319
61.08379493639567,-8.47695749451319
61.08379493639567,-1.2822108600228954
63.10502916588214,-1.2822108600228954
63.10502916588214,3.6236591484277687
65.16957003293761,3.6236591484277687
65.16957003293761,0.9164889144868431
67.25482628019378,0.9164889144868431
67.25482628019378,-3.601694138452796
69.2828669831136,-3.601694138452796
69.2828669831136,6.6354704383640275
71.29906196880403,6.6354704383640275
71.29906196880403,1.8236437853758483
73.31837323303107,1.8236437853758483
73.31837323303107,13.919443733595728
75.34569957190887,13.919443733595728
75.34569957190887,-9.117692940965407
77.40454454188513,-9.117692940965407
77.40454454188513,0.459961991878417
79.49866179626572,0.459961991878417
79.49866179626572,-4.928987410733693
81.59136420463597,-4.928987410733693
81.59136420463597,-3.09165921844681
83.67083860759996,-3.09165921844681
83.67083860759996,10.074147858690187
85.73551517399856,10.074147858690187
85.73551517399856,13.53556580104019
87.76359482871722,13.53556580104019
87.76359482871722,-8.516090397561303
89.82180059573956,-8.516090397561303
89.82180059573956,11.827835339146072
91.87616814917205,11.827835339146072
91.87616814917205,3.318965148604362
93.89571511083989,3.318965148604362
93.89571511083989,9.881548659470559
95.9182313520205,9.881548659470559
95.9182313520205,10.413690129010313
97.92458594634418,10.413690129010313
97.92458594634418,-4.887628938860811
99.96818834053178,-4.887628938860811
99.96818834053178,4.5216235069886785
102.06152984708103,4.5216235069886785
102.06152984708103,-10.545657854886505
104.11031029638407,-10.545657854886505
104.11031029638407,-6.60107352484413
106.18278293334443,-6.60107352484413
106.18278293334443,8.00814000788458
108.2237476713445,8.00814000788458
108.2237476713445,23.86991281880201
110.24778063017416,23.86991281880201
110.24778063017416,-11.94139502257837
112.29326239916958,-11.94139502257837
112.29326239916958,5.8939331508669115
114.30600467249273,5.8939331508669115
114.30600467249273,1.65352500033022
116.36925261949976,1.65352500033022
116.36925261949976,-14.437095728668732
118.45121942775116,-14.437095728668732
118.45121942775116,9.531853716917354
120.5155900904845,9.531853716917354
120.5155900904845,4.214304820183136
122.61201070965237,4.214304820183136
122.61201070965237,18.161857756238966
124.63595078551634,18.161857756238966
124.63595078551634,4.483106914500111
126.66298530976235,4.483106914500111
126.66298530976235,-4.998226947864428
128.7501719900758,-4.998226947864428
128.7501719900758,-0.8670454648635813
130.80550196807206,-0.8670454648635813
130.80550196807206,-1.6629468163757786
132.8972050527607,-1.6629468163757786
132.8972050527607,13.102220451511004
134.92065157323367,13.102220451511004
134.92065157323367,-1.385598484984931
136.92244672736828,-1.385598484984931
136.92244672736828,4.726043963165761
138.94443852858353,4.726043963165761
138.94443852858353,7.498685000046548
140.9494516781678,7.498685000046548
140.9494516781678,11.145242859528043
143.01716195716583,11.145242859528043
143.01716195716583,-16.752308868135543
145.039157050327,-16.752308868135543
145.039157050327,-6.701103965288527
147.09300330986727,-6.701103965288527
147.09300330986727,-2.7693189174913697
149.16089135556575,-2.7693189174913697
149.16089135556575,5.058445282473234
151.1830638687304,5.058445282473234
151.1830638687304,-7.554767652805604
153.26944758702908,-7.554767652805604
153.26944758702908,7.106923209891091
155.3484170271598,7.106923209891091
155.3484170271598,6.673447042241007
157.35423106553975,6.673447042241007
157.35423106553975,-0.6729659383123556
159.35964197698513,-0.6729659383123556
159.35964197698513,-5.8562762709033676
161.427747366078,-5.8562762709033676
161.427747366078,8.176544232178893
163.4501372058971,8.176544232178893
163.4501372058971,-0.555665879612917
165.50175600641234,-0.555665879612917
165.50175600641234,-1.6652791066593151
167.52526004461387,-1.6652791066593151
167.52526004461387,-7.379411738288492
169.6191354729867,-7.379411738288492
169.6191354729867,-7.3524050383380395
171.6827579303892,-7.3524050383380395
171.6827579303892,-13.197271710729046
173.76839450873737,-13.197271710729046
173.76839450873737,2.3491446873940056
175.78635896610854,2.3491446873940056
175.78635896610854,4.848464054054764
177.86995137456736,4.848464054054764
177.86995137456736,-9.467059864019637
179.93342286476874,-9.467059864019637
179.93342286476874,5.041301550373232
181.95865318070864,5.041301550373232
181.95865318070864,-5.491699459171104
184.0397575691225,-5.491699459171104
184.0397575691225,-3.3211199206886532
186.09979275785133,-3.3211199206886532
186.09979275785133,-7.70489155615635
188.19091943742535,-7.70489155615635
188.19091943742535,14.927312819808712
190.25274134371716,14.927312819808712
190.25274134371716,4.431034135132943
192.31179492022318,4.431034135132943
192.31179492022318,-0.9463087012769922
194.41133226708084,-0.9463087012769922
194.41133226708084,-1.3353125983451957
196.48060906318776,-1.3353125983451957
196.48060906318776,-3.877824437976989
198.51880114726262,-3.877824437976989
198.51880114726262,10.802170827722527
200.5636756070652,10.802170827722527
200.5636756070652,-1.777525181644598
202.6021424248343,-1.777525181644598
202.6021424248343,-7.7718601759273085
204.6935936886614,-7.7718601759273085
204.6935936886614,11.553770981483622
206.7078137550066,11.553770981483622
206.7078137550066,14.063176927329678
208.7523933459918,14.063176927329678
208.7523933459918,9.653148241267111
210.78414266368907,9.653148241267111
210.78414266368907,-7.7524009143838875
212.79215206403342,-7.7524009143838875
212.79215206403342,4.238897156527675
214.85779086727874,4.238897156527675
214.85779086727874,7.4799442759928905
216.86046485979327,7.4799442759928905
216.86046485979327,-4.293018434612042
218.94053832039458,-4.293018434612042
218.94053832039458,-1.9638174839011493
220.98464875098526,-1.9638174839011493
220.98464875098526,-4.2853210140721805
223.0217627944993,-4.2853210140721805
223.0217627944993,-3.5074431655670186
225.04241456953895,-3.5074431655670186
225.04241456953895,14.430820331056509
227.1044273168182,14.430820331056509
227.1044273168182,5.288562639054366
229.11416242007232,5.288562639054366
229.11416242007232,3.4884729820077447
231.18172372983133,3.4884729820077447
231.18172372983133,3.492272638788594
233.27926192566892,3.492272638788594
233.27926192566892,-0.9300195050378945
235.30036663565912,-0.9300195050378945
235.30036663565912,-7.827707457369264
237.30736777327607,-7.827707457369264
237.30736777327607,16.105354606452362
239.31765147060264,16.105354606452362
239.31765147060264,-13.804005491592456
241.38899878481826,-13.804005491592456
241.38899878481826,1.8028515055065177
243.448265940797,1.8028515055065177
243.448265940797,-3.4225986599863125
245.5348861816407,-3.4225986599863125
245.5348861816407,-6.806211780752925
247.5766522180354,-6.806211780752925
247.5766522180354,-0.7790452078376252
249.59517571265516,-0.7790452078376252
249.59517571265516,-6.982572276029533
251.61454635247642,-6.982572276029533
251.61454635247642,-7.6019403089346245
253.69913516997082,-7.6019403089346245
253.69913516997082,-8.361942747011113
255.72888601921423,-8.361942747011113
255.72888601921423,2.3091134063126644
257.76873768767456,2.3091134063126644
257.76873768767456,-13.767019020620134
259.85428389258806,-13.767019020620134
259.85428389258806,-2.7347108974504257
261.8698618684353,-2.7347108974504257
261.8698618684353,8.07904740167989
263.94797155072007,8.07904740167989
263.94797155072007,-28.80223677629685
266.0246829754229,-28.80223677629685
266.0246829754229,-5.628427175339246
268.09657428873294,-5.628427175339246
268.09657428873294,26.183281969047293
270.1462769999005,26.183281969047293
270.1462769999005,4.753546632707029
272.20441422083684,4.753546632707029
272.20441422083684,3.5180878378443774
274.28073591799284,3.5180878378443774
274.28073591799284,5.240138303238217
276.34983701779294,5.240138303238217
276.34983701779294,0.1620608992850216
278.4142476236967,0.1620608992850216
278.4142476236967,7.362410844545185
280.435316075274,7.362410844545185
280.435316075274,-7.452628763321264
282.45969051397566,-7.452628763321264
282.45969051397566,15.503744444325925
284.51089594254944,15.503744444325925
284.51089594254944,-2.001906491701722
286.52512916985677,-2.001906491701722
286.52512916985677,12.958562118913964
288.54734192798196,12.958562118913964
288.54734192798196,-15.734537178480192
290.579031958248,-15.734537178480192
290.579031958248,-9.358104756228915
292.5914890964785,-9.358104756228915
292.5914890964785,18.26620904449507
294.6255673947086,18.26620904449507
294.6255673947086,9.444140036829333
296.7171238218704,9.444140036829333
296.7171238218704,3.4571829799503666
298.76589734298284,3.4571829799503666
298.76589734298284,5.648258464146708
300.7881013440215,5.648258464146708
300.7881013440215,7.710878394988398
302.835914078772,7.710878394988398
302.835914078772,8.226190056867775
304.8642293952391,8.226190056867775
304.8642293952391,-1.5636859699968015
306.924495598114,-1.5636859699968015
306.924495598114,-5.333419641745496
308.97524491527645,-5.333419641745496
308.97524491527645,-10.823167378790313
311.07498159797285,-10.823167378790313
311.07498159797285,-17.668889865428547
313.1422520863118,-17.668889865428547
313.1422520863118,-6.189073390948252
315.2092756548661,-6.189073390948252
315.2092756548661,-0.5754437199406568
317.27958518711404,-0.5754437199406568
317.27958518711404,15.245589731706756
319.3601464680242,15.245589731706756
319.3601464680242,7.742350369446175
321.4550332516795,7.742350369446175
321.4550332516795,-23.493917099704777
323.46066971697326,-23.493917099704777
323.46066971697326,-9.88739938324273
325.5412354197491,-9.88739938324273
325.5412354197491,-16.86640370877433
327.59886197449674,-16.86640370877433
327.59886197449674,-0.060247569945962136
329.6623870363886,-0.060247569945962136
329.6623870363886,-1.0356682964988253
331.68674200935874,-1.0356682964988253
331.68674200935874,-4.395931461376691
333.74246184800313,-4.395931461376691
333.74246184800313,6.549993095613664
335.78579553256986,6.549993095613664
335.78579553256986,-4.425916685932481
337.8098748913808,-4.425916685932481
337.8098748913808,3.927495629850167
339.8448940503044,3.927495629850167
339.8448940503044,9.88419510393786
341.84853738819805,9.88419510393786
341.84853738819805,-1.8209595079349816
343.8797072654696,-1.8209595079349816
343.8797072654696,15.709638938493613
345.89740005701134,15.709638938493613
345.89740005701134,1.9876387418295782
347.9082440492217,1.9876387418295782
347.9082440492217,4.636713321765718
350.0020675832962,4.636713321765718
350.0020675832962,5.2276965988750925
352.02286250208056,5.2276965988750925
352.02286250208056,-3.2665930357632655
354.0364951210195,-3.2665930357632655
354.0364951210195,12.656182958393993
356.0472037837711,12.656182958393993
356.0472037837711,15.751552043639467
358.0647882120559,15.751552043639467
358.0647882120559,-0.7407314432238954
360.0,-0.7407314432238954
# Sen15.sensor_w #1
0.0,0.0
2.075729475634351,0.0
2.075729475634351,-15.74560302611687
4.135526580922653,-15.74560302611687
4.135526580922653,-24.362785157674352
6.232732720170406,-24.362785157674352
6.232732720170406,-11.667174331138662
8.241768682687773,-11.667174331138662
8.241768682687773,-34.78595149668958
10.315767035721924,-34.78595149668958
10.315767035721924,-19.41177512639368
12.336775527796823,-19.41177512639368
12.336775527796823,2.3581794677852725
14.435561951005607,2.3581794677852725
14.435561951005607,17.770048074699076
16.491718545608883,17.770048074699076
16.491718545608883,-19.589893107286958
18.55231238022143,-19.589893107286958
18.55231238022143,5.789734977916711
20.620266050858493,5.789734977916711
20.620266050858493,21.966079467784155
22.690321732683927,21.966079467784155
22.690321732683927,-8.039193504890989
24.770456242053676,-8.039193504890989
24.770456242053676,-4.783662907142159
26.848646251776547,-4.783662907142159
26.848646251776547,-4.976054516658409
28.93619593307241,-4.976054516658409
28.93619593307241,9.637466270883825
30.999557024448713,9.637466270883825
30.999557024448713,-15.573113424991913
33.09302623111579,-15.573113424991913
33.09302623111579,-34.939510324028895
35.18173504128334,-34.939510324028895
35.18173504128334,15.377942155332743
37.23105499342765,15.377942155332743
37.23105499342765,19.106034469835368
39.32029738449218,19.106034469835368
39.32029738449218,9.70104755441952
41.33538356038936,9.70104755441952
41.33538356038936,-10.408789685087502
43.35455120582796,-10.408789685087502
43.35455120582796,-5.083496960686843
45.37550971663756,-5.083496960686843
45.37550971663756,35.63770325846958
47.3903981416227,35.63770325846958
47.3903981416227,-29.56770935716863
49.45256857592499,-29.56770935716863
49.45256857592499,-9.829889826450021
51.507624861105725,-9.829889826450021
51.507624861105725,7.232281611658647
53.57867667437199,7.232281611658647
53.57867667437199,-4.416849653935109
55.60688058500647,-4.416849653935109
55.60688058500647,8.72639935085049
57.62552601284819,8.72639935085049
57.62552601284819,46.94634702177672
59.688415958028145,46.94634702177672
59.688415958028145,13.172751368127903
61.69336327365029,13.172751368127903
61.69336327365029,6.725054663755287
63.750111370481456,6.725054663755287
63.750111370481456,-9.87960558376094
65.75262704889178,-9.87960558376094
65.75262704889178,1.631307700239639
67.80869134956015,1.631307700239639
67.80869134956015,-18.09875349639838
69.81908219531608,-18.09875349639838
69.81908219531608,17.75639270436194
71.84777687620793,17.75639270436194
71.84777687620793,-4.995225283839321
73.94523824082319,-4.995225283839321
73.94523824082319,7.137233471447065
76.03801254412228,7.137233471447065
76.03801254412228,-5.959841877339384
78.0893582500325,-5.959841877339384
78.0893582500325,-5.847510461123824
80.1800941187978,-5.847510461123824
80.1800941187978,17.564713281881758
82.26644849002764,17.564713281881758
82.26644849002764,-6.639292433161542
84.2788650167959,-6.639292433161542
84.2788650167959,-18.25393040795219
86.3750438368886,-18.25393040795219
86.3750438368886,-3.109197669165035
88.40849567219952,-3.109197669165035
88.40849567219952,5.413989804968939
90.40866384765924,5.413989804968939
90.40866384765924,-14.939614772127031
92.44790459104199,-14.939614772127031
92.44790459104199,18.92591047490181
94.52283311147549,18.92591047490181
94.52283311147549,6.917116552744407
96.55017810772468,6.917116552744407
96.55017810772468,-23.38973516134344
98.59327346776895,-23.38973516134344
98.59327346776895,13.420365561462313
100.61032567418239,13.420365561462313
100.61032567418239,8.504014487295603
102.69063017247503,8.504014487295603
102.69063017247503,16.294578244166743
104.69269627349233,16.294578244166743
104.69269627349233,-8.473534207459238
106.7313534723153,-8.473534207459238
106.7313534723153,19.751634086446856
108.78204494205066,19.751634086446856
108.78204494205066,-8.818297296528144
110.84591080566878,-8.818297296528144
110.84591080566878,13.987793469552416
112.86319131433963,13.987793469552416
112.86319131433963,-4.628706947344955
114.87099216845343,-4.628706947344955
114.87099216845343,25.554220872450298
116.93609574076606,25.554220872450298
116.93609574076606,-28.012474943291547
119.0266525445957,-28.012474943291547
119.0266525445957,9.250467650580495
121.05283253674705,9.250467650580495
121.05283253674705,0.5065841180483633
123.05343809970488,0.5065841180483633
123.05343809970488,-5.4987826385341085
125.0661867170344,-5.4987826385341085
125.0661867170344,8.434461903049737
127.1354114670986,8.434461903049737
127.1354114670986,7.40245046957551
129.1543086865144,7.40245046957551
129.1543086865144,4.198289837792301
131.17851195015655,4.198289837792301
131.17851195015655,-1.6382567731593651
133.24484975273197,-1.6382567731593651
133.24484975273197,12.922623628590891
135.25198708645,12.922623628590891
135.25198708645,-12.227323363069736
137.34949256443065,-12.227323363069736
137.34949256443065,-20.16736368102294
139.39985270135205,-20.16736368102294
139.39985270135205,-39.01140554412544
141.41660182206516,-39.01140554412544
141.41660182206516,20.65923449488906
143.4587954604587,20.65923449488906
143.4587954604587,8.732888787300851
145.5156878878442,8.732888787300851
145.5156878878442,9.335049816788542
147.5925954778877,9.335049816788542
147.5925954778877,7.989144134452749
149.62979050774237,7.989144134452749
149.62979050774237,2.9868393624786593
151.69496789649065,2.9868393624786593
151.69496789649065,-7.070282805163245
153.703613164508,-7.070282805163245
153.703613164508,-17.002000348942126
155.7837551957741,-17.002000348942126
155.7837551957741,-20.24119356943736
157.8137599130672,-20.24119356943736
157.8137599130672,7.995382781259506
159.89599880617695,7.995382781259506
159.89599880617695,-9.262396554003196
161.9089931909547,-9.262396554003196
161.9089931909547,-9.905556508260283
163.98914608099832,-9.905556508260283
163.98914608099832,4.893766984796253
166.04607046201266,4.893766984796253
166.04607046201266,29.088025059113757
168.0933158183006,29.088025059113757
168.0933158183006,-8.29646303780169
170.10927125627643,-8.29646303780169
170.10927125627643,-8.497859794774277
172.14428730788634,-8.497859794774277
172.14428730788634,8.948439444593562
174.22649312661883,8.948439444593562
174.22649312661883,-7.89898303134933
176.31747480712497,-7.89898303134933
176.31747480712497,7.628623851167473
178.32223327455696,7.628623851167473
178.32223327455696,-1.9510065093330562
180.38544531970092,-1.9510065093330562
180.38544531970092,0.07174940807875171
182.39752527665524,0.07174940807875171
182.39752527665524,-23.730795964542313
184.41639763937965,-23.730795964542313
184.41639763937965,1.562372801561856
186.47633422003898,1.562372801561856
186.47633422003898,0.04114343686639783
188.5308317649519,0.04114343686639783
188.5308317649519,18.603978840205336
190.57453662633105,18.603978840205336
190.57453662633105,16.126474592149673
192.6225227777021,16.126474592149673
192.6225227777021,-0.7540749135793938
194.7006925646384,-0.7540749135793938
194.7006925646384,6.9146550286539785
196.76595472816186,6.9146550286539785
196.76595472816186,3.7287336719021402
198.8251878487578,3.7287336719021402
198.8251878487578,2.980184343699305
200.8715052250472,2.980184343699305
200.8715052250472,12.065793937118045
202.94219585907888,12.065793937118045
202.94219585907888,-8.326651044425242
205.02004392742413,-8.326651044425242
205.02004392742413,-1.0476755919839982
207.10867602368108,-1.0476755919839982
207.10867602368108,-3.212527262102198
209.13038865231502,-3.212527262102198
209.13038865231502,30.586091575590565
211.17520420684164,30.586091575590565
211.17520420684164,-16.460686424310932
213.26711975562947,-16.460686424310932
213.26711975562947,-17.634154091354546
215.36071052069892,-17.634154091354546
215.36071052069892,6.6474307130847405
217.42617456934101,6.6474307130847405
217.42617456934101,-8.630123251234693
219.50075436184486,-8.630123251234693
219.50075436184486,-2.1327918176190166
221.5636702756792,-2.1327918176190166
221.5636702756792,0.5308306919252423
223.63337642405753,0.5308306919252423
223.63337642405753,3.5984951560742364
225.68788085062616,3.5984951560742364
225.68788085062616,-3.758946631584429
227.75340315545526,-3.758946631584429
227.75340315545526,6.616592941892336
229.7648146111479,6.616592941892336
229.7648146111479,14.003686797965088
231.79733730906207,14.003686797965088
231.79733730906207,-1.8121055457876545
233.88757170478155,-1.8121055457876545
233.88757170478155,-3.7186113620862415
235.90597597963438,-3.7186113620862415
235.90597597963438,12.881633757144133
237.90896372601642,12.881633757144133
237.90896372601642,-14.25898994458763
240.0049856038863,-14.25898994458763
240.0049856038863,-6.98330360719665
242.04571409860392,-6.98330360719665
242.04571409860392,-6.737751575237659
244.0972889505876,-6.737751575237659
244.0972889505876,-2.2584952651092554
246.178787839092,-2.2584952651092554
246.178787839092,-0.9293496405245494
248.1831881857296,-0.9293496405245494
248.1831881857296,13.355515408015028
250.21230313846755,13.355515408015028
250.21230313846755,-7.006272165319641
252.27150918454,-7.006272165319641
252.27150918454,-10.826801385834166
254.27199615825958,-10.826801385834166
254.27199615825958,-15.001859598386115
256.3198268957348,-15.001859598386115
256.3198268957348,15.670219265836987
258.39521489831077,15.670219265836987
258.39521489831077,-6.141664896063508
260.4858035968566,-6.141664896063508
260.4858035968566,12.971376560309643
262.4945533015952,12.971376560309643
262.4945533015952,-11.941820658532295
264.5179525592788,-11.941820658532295
264.5179525592788,-18.816425250063556
266.53777380101,-18.816425250063556
266.53777380101,-3.412803311355021
268.5613665777327,-3.412803311355021
268.5613665777327,-4.117378061266182
270.61421340869475,-4.117378061266182
270.61421340869475,-7.6914328904013125
272.6304721530028,-7.6914328904013125
272.6304721530028,11.982244134470939
274.663823321009,11.982244134470939
274.663823321009,12.990248740012301
276.66814510097197,12.990248740012301
276.66814510097197,28.593194742255477
278.7492046916594,28.593194742255477
278.7492046916594,-1.4306462316404076
280.82914864535473,-1.4306462316404076
280.82914864535473,-19.02434584490313
282.83623090746926,-19.02434584490313
282.83623090746926,8.597629253059905
284.8562021715768,8.597629253059905
284.8562021715768,-3.242481534215885
286.89466233649017,-3.242481534215885
286.89466233649017,4.479878032943832
288.9718303750833,4.479878032943832
288.9718303750833,10.482990284062154
291.0188330324739,10.482990284062154
291.0188330324739,-23.303468786673168
293.0877424120822,-23.303468786673168
293.0877424120822,-26.106669670975702
295.1205892747889,-26.106669670975702
295.1205892747889,-8.189011447345276
297.1260580736805,-8.189011447345276
297.1260580736805,3.345211634180374
299.1940895150582,3.345211634180374
299.1940895150582,8.912751379352672
301.2173148591295,8.912751379352672
301.2173148591295,-14.192362344777727
303.2370234560465,-14.192362344777727
303.2370234560465,-27.62339009444774
305.2562804101563,-27.62339009444774
305.2562804101563,4.608002563651164
307.32927995406106,4.608002563651164
307.32927995406106,6.780391793028598
309.3423910160601,6.780391793028598
309.3423910160601,-13.147387882188283
311.39625528232955,-13.147387882188283
311.39625528232955,-2.844893578825555
313.41118818600074,-2.844893578825555
313.41118818600074,-3.695714735828028
315.4571097902266,-3.695714735828028
315.4571097902266,0.35570113420096705
317.4978634492276,0.35570113420096705
317.4978634492276,5.501470810841745
319.53137805683264,5.501470810841745
319.53137805683264,29.541774556077762
321.6235522731125,29.541774556077762
321.6235522731125,23.396648415812926
323.67046990524193,23.396648415812926
323.67046990524193,13.601623450237089
325.76303842843436,13.601623450237089
325.76303842843436,0.8015977658701687
327.7797563641841,0.8015977658701687
327.7797563641841,-4.636150336023048
329.8051321422935,-4.636150336023048
329.8051321422935,-7.147942765053894
331.8060849088036,-7.147942765053894
331.8060849088036,-9.689682848371342
333.894088040301,-9.689682848371342
333.894088040301,6.099045886449324
335.9260420319102,6.099045886449324
335.9260420319102,-9.886970493394339
338.01087397963016,-9.886970493394339
338.01087397963016,-7.53603723618732
340.1101228950221,-7.53603723618732
340.1101228950221,8.213683892587694
342.12279931210503,8.213683892587694
342.12279931210503,-0.7338077628644857
344.208241033732,-0.7338077628644857
344.208241033732,16.862178894597083
346.21517746601387,16.862178894597083
346.21517746601387,3.3217499451513532
348.28043829220525,3.3217499451513532
348.28043829220525,8.010745638940305
350.3794334085662,8.010745638940305
350.3794334085662,-15.847840574228
352.39181748293413,-15.847840574228
352.39181748293413,21.767417802123706
354.4495025197392,21.767417802123706
354.4495025197392,4.802318878340144
356.50870872915795,4.802318878340144
356.50870872915795,9.764895607898433
358.5119934296992,9.764895607898433
358.5119934296992,5.538121664861435
360.0,5.538121664861435
# Sen15.sensor_w #2
0.0,0.0
2.0610892426310365,0.0
2.0610892426310365,2.5409033583803096
4.136177457330943,2.5409033583803096
4.136177457330943,4.401706693887143
6.231651691182437,4.401706693887143
6.231651691182437,6.930590348757539
8.267142478979826,6.930590348757539
8.267142478979826,-14.84500900171854
10.364104497711281,-14.84500900171854
10.364104497711281,17.65626618234597
12.370701233762416,17.65626618234597
12.370701233762416,4.665760206103366
14.459298943099649,4.665760206103366
14.459298943099649,-15.508468156241493
16.549233131657925,-15.508468156241493
16.549233131657925,12.670565941455024
18.558144883473997,12.670565941455024
18.558144883473997,-16.899563408256828
20.605048328777492,-16.899563408256828
20.605048328777492,13.394704731908543
22.685523042750926,13.394704731908543
22.685523042750926,37.23949498865136
24.688349074025115,37.23949498865136
24.688349074025115,-14.503564962203733
26.757173797225082,-14.503564962203733
26.757173797225082,0.0991858271189082
28.802576070993666,0.0991858271189082
28.802576070993666,-23.12352972461337
30.884962097258033,-23.12352972461337
30.884962097258033,2.9029032386835145
32.96411616305228,2.9029032386835145
32.96411616305228,-17.87265158624228
35.01577618016848,-17.87265158624228
35.01577618016848,-10.933191556679564
37.11116526370872,-10.933191556679564
37.11116526370872,3.477486472648198
39.11380962533417,3.477486472648198
39.11380962533417,-17.72390774122026
41.15349282733211,-17.72390774122026
41.15349282733211,-22.7374276783405
43.20507847897192,-22.7374276783405
43.20507847897192,7.980475632446822
45.28522663619207,7.980475632446822
45.28522663619207,-11.155902166132853
47.33001302378092,-11.155902166132853
47.33001302378092,-15.553347325045806
49.40359367970219,-15.553347325045806
49.40359367970219,-5.864272777253428
51.4771076683576,-5.864272777253428
51.4771076683576,-4.651665287031549
53.562621399420834,-4.651665287031549
53.562621399420834,-8.081619795093296
55.61237791183925,-8.081619795093296
55.61237791183925,-0.33895703528757803
57.62382542633975,-0.33895703528757803
57.62382542633975,0.8149506257654631
59.69568522756217,0.8149506257654631
59.69568522756217,-0.9684365880259644
61.71698065032138,-0.9684365880259644
61.71698065032138,-8.990701110693646
63.79695126175229,-8.990701110693646
63.79695126175229,-11.040822768854543
65.79704226060575,-11.040822768854543
65.79704226060575,-8.488753056634303
67.80608873896132,-8.488753056634303
67.80608873896132,-0.6129679677210301
69.86504872605153,-0.6129679677210301
69.86504872605153,35.33191909482097
71.87417166517703,35.33191909482097
71.87417166517703,-16.09291989202916
73.9569378913972,-16.09291989202916
73.9569378913972,1.481044715207228
76.04013438887283,1.481044715207228
76.04013438887283,-19.995021848367553
78.06861547142113,-19.995021848367553
78.06861547142113,31.82510487942882
80.07848331903874,31.82510487942882
80.07848331903874,-1.4998106189922047
82.110865072564,-1.4998106189922047
82.110865072564,0.29365219719896163
84.1725169359312,0.29365219719896163
84.1725169359312,2.919909802637833
86.23899769990942,2.919909802637833
86.23899769990942,-10.672925570934636
88.33346917622578,-10.672925570934636
88.33346917622578,17.08461550670579
90.40068754251828,17.08461550670579
90.40068754251828,-3.325941719850375
92.40332695274385,-3.325941719850375
92.40332695274385,-8.214744700955178
94.49667061464017,-8.214744700955178
94.49667061464017,5.467067535260496
96.57599315084302,5.467067535260496
96.57599315084302,-9.175397539701265
98.61106610302588,-9.175397539701265
98.61106610302588,-8.333711610298797
100.6626734744501,-8.333711610298797
100.6626734744501,-18.05797570676053
102.70261452453897,-18.05797570676053
102.70261452453897,-30.80059085972177
104.7445112255842,-30.80059085972177
104.7445112255842,-3.213974730939799
106.75137804292952,-3.213974730939799
106.75137804292952,10.48212118577788
108.80325034641609,10.48212118577788
108.80325034641609,-3.2208914738438597
110.86869788145295,-3.2208914738438597
110.86869788145295,-5.724550739991126
112.8938815948424,-5.724550739991126
112.8938815948424,13.434477668075766
114.90032565457373,13.434477668075766
114.90032565457373,-4.111608140338689
116.98136488194379,-4.111608140338689
116.98136488194379,-10.002538369553625
119.04985900308385,-10.002538369553625
119.04985900308385,-26.84337797738997
121.06138320543243,-26.84337797738997
121.06138320543243,0.2701678872180617
123.09560207297456,0.2701678872180617
123.09560207297456,28.007210460486935
125.10351426728421,28.007210460486935
125.10351426728421,-17.78261212200274
127.19734580606668,-17.78261212200274
127.19734580606668,11.717184546599551
129.2716180964425,11.717184546599551
129.2716180964425,-16.315270134864868
131.30603526346894,-16.315270134864868
131.30603526346894,-15.484732185978894
133.3910713711916,-15.484732185978894
133.3910713711916,-32.0436456844852
135.48527240097502,-32.0436456844852
135.48527240097502,-27.92552969240412
137.52741670327694,-27.92552969240412
137.52741670327694,-13.78569982494651
139.570890807389,-13.78569982494651
139.570890807389,-4.431113425605194
141.58474194419625,-4.431113425605194
141.58474194419625,-18.872960668646513
143.63629258422728,-18.872960668646513
143.63629258422728,4.163639492246041
145.69802950135585,4.163639492246041
145.69802950135585,7.605495658605456
147.75545120614674,7.605495658605456
147.75545120614674,-3.74938442523887
149.84178659756873,-3.74938442523887
149.84178659756873,-10.128948290847028
151.90799378893522,-10.128948290847028
151.90799378893522,-11.46309148804677
153.92503440790983,-11.46309148804677
153.92503440790983,6.962006476712331
155.9338309161009,6.962006476712331
155.9338309161009,-28.087292080137058
158.00841622003327,-28.087292080137058
158.00841622003327,-7.485914451471121
160.08771521102133,-7.485914451471121
160.08771521102133,21.365842308504178
162.1805839988391,21.365842308504178
162.1805839988391,11.223592326895659
164.2229923893219,11.223592326895659
164.2229923893219,3.2944249944572865
166.25253814000033,3.2944249944572865
166.25253814000033,-7.941968854113217
168.30334899688458,-7.941968854113217
168.30334899688458,-12.559874994274917
170.39541493010466,-12.559874994274917
170.39541493010466,-3.1685710432569003
172.4546170117448,-3.1685710432569003
172.4546170117448,-15.836550228388177
174.53446437454522,-15.836550228388177
174.53446437454522,21.00069626250142
176.62838421871785,21.00069626250142
176.62838421871785,6.873428176561931
178.63989978107045,6.873428176561931
178.63989978107045,20.025729483322078
180.66505017329817,20.025729483322078
180.66505017329817,5.2551148841993
182.67995324242264,5.2551148841993
182.67995324242264,14.18341237321804
184.77132975949775,14.18341237321804
184.77132975949775,17.192130059101213
186.78469714614886,17.192130059101213
186.78469714614886,-4.71111687638556
188.8780614890281,-4.71111687638556
188.8780614890281,-3.8379232512749817
190.90577409971795,-3.8379232512749817
190.90577409971795,-4.310222675263393
193.00429242389245,-4.310222675263393
193.00429242389245,-29.406835393795628
195.10177841624045,-29.406835393795628
195.10177841624045,-4.9456776040916095
197.19620074909122,-4.9456776040916095
197.19620074909122,-2.1030770734966024
199.21311446518828,-2.1030770734966024
199.21311446518828,8.02466448641964
201.2462457366492,8.02466448641964
201.2462457366492,-27.84898892341639
203.25990491378755,-27.84898892341639
203.25990491378755,10.37947868856698
205.3346197625873,10.37947868856698
205.3346197625873,-28.568877896166207
207.3677362654142,-28.568877896166207
207.3677362654142,2.269915704919204
209.45839089450268,2.269915704919204
209.45839089450268,-10.695471116597908
211.4647923304403,-10.695471116597908
211.4647923304403,11.109719511944276
213.49650826937804,11.109719511944276
213.49650826937804,-6.683232818877405
215.5108825011812,-6.683232818877405
215.5108825011812,19.14882373612285
217.58702790151,19.14882373612285
217.58702790151,-5.563095506054426
219.68451603651994,-5.563095506054426
219.68451603651994,0.33300440401042286
221.76840629259155,0.33300440401042286
221.76840629259155,-1.8277130400936015
223.81905135702448,-1.8277130400936015
223.81905135702448,20.090970854535126
225.86053241939845,20.090970854535126
225.86053241939845,-16.50142061190898
227.93910777965527,-16.50142061190898
227.93910777965527,24.565428822372528
229.95643300533717,24.565428822372528
229.95643300533717,-1.8635476437945435
231.9912294169976,-1.8635476437945435
231.9912294169976,-19.476138998902062
234.05977296983764,-19.476138998902062
234.05977296983764,23.404019368480082
236.09109939186294,23.404019368480082
236.09109939186294,20.090302954248088
238.135097513554,20.090302954248088
238.135097513554,8.729585082542734
240.2161817416949,8.729585082542734
240.2161817416949,-12.008218845689258
242.23545478437364,-12.008218845689258
242.23545478437364,12.008985182389559
244.25154206370263,12.008985182389559
244.25154206370263,4.495250507385676
246.25684532520145,4.495250507385676
246.25684532520145,7.644830893373262
248.33770585218022,7.644830893373262
248.33770585218022,-13.847360610133745
250.3692429238085,-13.847360610133745
250.3692429238085,-0.6291801572913711
252.4443194046728,-0.6291801572913711
252.4443194046728,-5.346010558795479
254.46153547881346,-5.346010558795479
254.46153547881346,8.27923393069126
256.5512314720502,8.27923393069126
256.5512314720502,22.383425119880513
258.57226961857714,22.383425119880513
258.57226961857714,4.321985118522267
260.6108941310849,4.321985118522267
260.6108941310849,4.0376932055074235
262.6757932956888,4.0376932055074235
262.6757932956888,-5.530364574682672
264.7181271166171,-5.530364574682672
264.7181271166171,17.686900494045332
266.7326280060091,17.686900494045332
266.7326280060091,-18.16389033828776
268.816191256019,-18.16389033828776
268.816191256019,-1.200129997195749
270.8201695070333,-1.200129997195749
270.8201695070333,-11.908290839485124
272.8271233477831,-11.908290839485124
272.8271233477831,7.534253794363485
274.89672214802835,7.534253794363485
274.89672214802835,-1.234736716700869
276.95501624756486,-1.234736716700869
276.95501624756486,-9.210046194217309
279.02924153386647,-9.210046194217309
279.02924153386647,-20.483356418548414
281.1229792863686,-20.483356418548414
281.1229792863686,5.530538554338373
283.1570320621227,5.530538554338373
283.1570320621227,-8.495881084912194
285.24899652576755,-8.495881084912194
285.24899652576755,10.275682218143045
287.3381105553828,10.275682218143045
287.3381105553828,2.190455605920156
289.36803774730225,2.190455605920156
289.36803774730225,7.009050664403407
291.4030578614116,7.009050664403407
291.4030578614116,7.9171434272506485
293.4204549705284,7.9171434272506485
293.4204549705284,13.405171692013717
295.480929939129,13.405171692013717
295.480929939129,21.267124435287858
297.4996232153415,21.267124435287858
297.4996232153415,-18.228501719440494
299.51443875031913,-18.228501719440494
299.51443875031913,-2.1790795800297356
301.58191009830915,-2.1790795800297356
301.58191009830915,17.593590524759232
303.5863451138725,17.593590524759232
303.5863451138725,-12.727712900896169
305.6651620550804,-12.727712900896169
305.6651620550804,-3.1152025185846006
307.7039916218625,-3.1152025185846006
307.7039916218625,-9.411015571471228
309.75189035433783,-9.411015571471228
309.75189035433783,34.15274635393659
311.80744746992383,34.15274635393659
311.80744746992383,2.2378969520733722
313.8197876363905,2.2378969520733722
313.8197876363905,-5.427008020618715
315.8418566382872,-5.427008020618715
315.8418566382872,-0.42214463395543816
317.88016552066796,-0.42214463395543816
317.88016552066796,13.338777101038229
319.9050729133508,13.338777101038229
319.9050729133508,-9.815490036906693
321.9212912388935,-9.815490036906693
321.9212912388935,9.440255839452696
323.9775280367664,9.440255839452696
323.9775280367664,0.6177584797129837
326.0509511276773,0.6177584797129837
326.0509511276773,-16.51904642152082
328.06850393616367,-16.51904642152082
328.06850393616367,39.545572972703745
330.08658251027447,39.545572972703745
330.08658251027447,21.841916274897137
332.17396919054016,21.841916274897137
332.17396919054016,-8.79740463682336
334.18672271349544,-8.79740463682336
334.18672271349544,-5.1488470831899225
336.2384328483802,-5.1488470831899225
336.2384328483802,3.9114076867899676
338.26097248894786,3.9114076867899676
338.26097248894786,-1.2017897849962738
340.3519221784255,-1.2017897849962738
340.3519221784255,-11.39533144583839
342.4167035837691,-11.39533144583839
342.4167035837691,17.36625208149239
344.491949203449,17.36625208149239
344.491949203449,20.549307137232105
346.56706390325274,20.549307137232105
346.56706390325274,0.05980765845901854
348.6388083633302,0.05980765845901854
348.6388083633302,14.36073971718418
350.7040944118227,14.36073971718418
350.7040944118227,-3.6239578817674225
352.75648411462726,-3.6239578817674225
352.75648411462726,-16.798149713019633
354.82302249265376,-16.798149713019633
354.82302249265376,15.767812826735089
356.82671859809705,15.767812826735089
356.82671859809705,-1.58404369953828
358.91362569717836,-1.58404369953828
358.91362569717836,4.477308260902769
360.0,4.477308260902769
# Sen15.sensor_w #3
0.0,0.0
2.022372720229247,0.0
2.022372720229247,-10.227785109964877
4.074822106004501,-10.227785109964877
4.074822106004501,-22.70484848217028
6.136330100670449,-22.70484848217028
6.136330100670449,-9.929580595326529
8.218756126473085,-9.929580595326529
8.218756126473085,5.469252828556769
10.292591613202394,5.469252828556769
10.292591613202394,-18.5831469984051
12.370143821017846,-18.5831469984051
12.370143821017846,0.5816835679582933
14.405516755797658,0.5816835679582933
14.405516755797658,-9.997509838278747
16.413693724929107,-9.997509838278747
16.413693724929107,-8.005648595195808
18.484730382356574,-8.005648595195808
18.484730382356574,30.381545229037243
20.486181804397884,30.381545229037243
20.486181804397884,-27.255947212588552
22.527873023694305,-27.255947212588552
22.527873023694305,29.71146424637889
24.539954109910823,29.71146424637889
24.539954109910823,9.51096874350897
26.593154566233324,9.51096874350897
26.593154566233324,4.179248359397861
28.631546464968775,4.179248359397861
28.631546464968775,-19.191373313440433
30.646548567559897,-19.191373313440433
30.646548567559897,-11.87126386516707
32.72233224598354,-11.87126386516707
32.72233224598354,-1.9587903173411985
34.79763255310534,-1.9587903173411985
34.79763255310534,6.529315976941111
36.833490552150764,6.529315976941111
36.833490552150764,44.22217284330477
38.89162517385851,44.22217284330477
38.89162517385851,4.272423635389934
40.93907214983952,4.272423635389934
40.93907214983952,23.123518167713385
42.982808694347916,23.123518167713385
42.982808694347916,11.84479961263115
45.04111852942706,11.84479961263115
45.04111852942706,29.968782775775725
47.0517304864826,29.968782775775725
47.0517304864826,-14.22827549681792
49.134036081306725,-14.22827549681792
49.134036081306725,13.35758824088095
51.233903133405526,13.35758824088095
51.233903133405526,-3.8138873716808104
53.26770238683297,-3.8138873716808104
53.26770238683297,-9.383313287808786
55.28274600955399,-9.383313287808786
55.28274600955399,19.5047540992284
57.36514903978675,19.5047540992284
57.36514903978675,-5.917710691344196
59.40691020515514,-5.917710691344196
59.40691020515514,22.136262612040937
61.411999937577654,22.136262612040937
61.411999937577654,-35.33140956150181
63.42175448838409,-35.33140956150181
63.42175448838409,-16.144327314962215
65.49597092840611,-16.144327314962215
65.49597092840611,-6.681700765922076
67.5888141873705,-6.681700765922076
67.5888141873705,1.73187128896943
69.64368001813456,1.73187128896943
69.64368001813456,21.32132805227285
71.7367190348448,21.32132805227285
71.7367190348448,-20.62855819773479
73.79551543290803,-20.62855819773479
73.79551543290803,17.747334993662886
75.8696190109036,17.747334993662886
75.8696190109036,-12.615562891814577
77.96846866120102,-12.615562891814577
77.96846866120102,-14.872469403164072
79.97270433491282,-14.872469403164072
79.97270433491282,8.51749099652511
82.0566325578858,8.51749099652511
82.0566325578858,28.456259455182675
84.14450107456368,28.456259455182675
84.14450107456368,-5.826175580923865
86.23683744795203,-5.826175580923865
86.23683744795203,-4.747421005504924
88.28585308779068,-4.747421005504924
88.28585308779068,0.8311569597420532
90.33285251071705,0.8311569597420532
90.33285251071705,-3.6421966196810542
92.36526927035784,-3.6421966196810542
92.36526927035784,8.958174773991258
94.43254303946141,8.958174773991258
94.43254303946141,-3.5214876173361507
96.48299041872193,-3.5214876173361507
96.48299041872193,38.27675944656817
98.56589796863906,38.27675944656817
98.56589796863906,5.451018618615463
100.63382728784728,5.451018618615463
100.63382728784728,26.390524339481264
102.65607092543878,26.390524339481264
102.65607092543878,-7.890575526863282
104.66028694615596,-7.890575526863282
104.66028694615596,5.855318004265482
106.74688490100415,5.855318004265482
106.74688490100415,22.475555632105365
108.80136295831497,22.475555632105365
108.80136295831497,-14.774836395878298
110.84310815750811,-14.774836395878298
110.84310815750811,6.211624342410873
112.8870108573436,6.211624342410873
112.8870108573436,17.64217176788705
114.90940129211808,17.64217176788705
114.90940129211808,-6.74846574272771
116.98316769827508,-6.74846574272771
116.98316769827508,-2.4434576539853974
119.01467707197929,-2.4434576539853974
119.01467707197929,-16.898437218254465
121.06877556082192,-16.898437218254465
121.06877556082192,24.939611403411572
123.13666537423097,24.939611403411572
123.13666537423097,-11.374935530754673
125.1746830979801,-11.374935530754673
125.1746830979801,9.85242169210818
127.17610117296877,9.85242169210818
127.17610117296877,-7.718228214223074
129.20800941097264,-7.718228214223074
129.20800941097264,-2.1537091684021825
131.26790624750723,-2.1537091684021825
131.26790624750723,6.591700747205805
133.32138657542814,6.591700747205805
133.32138657542814,-16.11189544655072
135.37410937831,-16.11189544655072
135.37410937831,16.572826350626997
137.42621715719292,16.572826350626997
137.42621715719292,-9.22286632996533
139.49023259927407,-9.22286632996533
139.49023259927407,-20.189981602341085
141.52685011814228,-20.189981602341085
141.52685011814228,8.590702668238567
143.57045202907202,8.590702668238567
143.57045202907202,-0.7828030082285192
145.62778278354108,-0.7828030082285192
145.62778278354108,-11.749567709538798
147.66836251434876,-11.749567709538798
147.66836251434876,10.22473039778492
149.75211701703222,10.22473039778492
149.75211701703222,6.466855799943289
151.77318171079517,6.466855799943289
151.77318171079517,61.73158042030939
153.81204085290204,61.73158042030939
153.81204085290204,-8.481811886879976
155.88215538948535,-8.481811886879976
155.88215538948535,22.317721395789075
157.97124894826592,22.317721395789075
157.97124894826592,-20.614251497164332
160.05198729574101,-20.614251497164332
160.05198729574101,10.592263674190216
162.14462794964388,10.592263674190216
162.14462794964388,0.7591991489593012
164.17948470498902,0.7591991489593012
164.17948470498902,22.778603961299773
166.2166316712181,22.778603961299773
166.2166316712181,-4.593176205597947
168.2694303684785,-4.593176205597947
168.2694303684785,2.399821658268416
170.2826668689642,2.399821658268416
170.2826668689642,-39.20392770985379
172.36048274638287,-39.20392770985379
172.36048274638287,23.93286747678741
174.38253591134824,23.93286747678741
174.38253591134824,17.106657526258356
176.4713513429415,17.106657526258356
176.4713513429415,-8.619073966940668
178.51152073195178,-8.619073966940668
178.51152073195178,30.79289217616396
180.59755466393864,30.79289217616396
180.59755466393864,-8.091845464831888
182.69388612192026,-8.091845464831888
182.69388612192026,-19.67611288911809
184.76122813874284,-19.67611288911809
184.76122813874284,25.90609083539391
186.77445406978833,25.90609083539391
186.77445406978833,25.735221500473568
188.81562129078225,25.735221500473568
188.81562129078225,-9.242976165098229
190.90227322965498,-9.242976165098229
190.90227322965498,29.759747164718213
192.99264937497637,29.759747164718213
192.99264937497637,-9.05362105079075
195.01293531312092,-9.05362105079075
195.01293531312092,1.9917683697711863
197.10838585654426,1.9917683697711863
197.10838585654426,16.751438352752313
199.1232621205286,16.751438352752313
199.1232621205286,-8.960556737622468
201.1578550450051,-8.960556737622468
201.1578550450051,-15.243079075403182
203.19345457542238,-15.243079075403182
203.19345457542238,-28.18088092578937
205.2881567892587,-28.18088092578937
205.2881567892587,4.278247863977706
207.33207435197804,4.278247863977706
207.33207435197804,-6.66850411448701
209.33289301979485,-6.66850411448701
209.33289301979485,3.3560148656733553
211.4015128916206,3.3560148656733553
211.4015128916206,0.05511962660883379
213.4586233146068,0.05511962660883379
213.4586233146068,-16.443237422892544
215.53754041987537,-16.443237422892544
215.53754041987537,-13.688836048135615
217.6309252345599,-13.688836048135615
217.6309252345599,-15.486685473411686
219.64774902792539,-15.486685473411686
219.64774902792539,8.732491455191093
221.7248118048979,8.732491455191093
221.7248118048979,-19.29681577067756
223.80298491529268,-19.29681577067756
223.80298491529268,18.505405179762565
225.8264405370371,18.505405179762565
225.8264405370371,-12.166015152785661
227.9190207278266,-12.166015152785661
227.9190207278266,-0.7129672467480512
229.9641858947605,-0.7129672467480512
229.9641858947605,16.600911068720013
232.0181046947154,16.600911068720013
232.0181046947154,-13.582481277819006
234.06042591766092,-13.582481277819006
234.06042591766092,7.526155954656363
236.13302882015333,7.526155954656363
236.13302882015333,5.5809145768492945
238.1611692377561,5.5809145768492945
238.1611692377561,8.408569695544944
240.2373199499471,8.408569695544944
240.2373199499471,10.708054561448805
242.31084747353964,10.708054561448805
242.31084747353964,20.109201444684302
244.33042719786874,20.109201444684302
244.33042719786874,-0.1972287562007633
246.3816734251461,-0.1972287562007633
246.3816734251461,-13.686723671039498
248.45055060634283,-13.686723671039498
248.45055060634283,24.017537634982304
250.47271897474656,24.017537634982304
250.47271897474656,-5.534885024423929
252.50199518221007,-5.534885024423929
252.50199518221007,2.3269266671360485
254.5135243540959,2.3269266671360485
254.5135243540959,-4.808555121615985
256.5241171853713,-4.808555121615985
256.5241171853713,6.9636417434107445
258.5943040877449,6.9636417434107445
258.5943040877449,17.219989013975965
260.60084737808097,17.219989013975965
260.60084737808097,-6.53030567823712
262.6330972250427,-6.53030567823712
262.6330972250427,-21.78838451551398
264.71645680558396,-21.78838451551398
264.71645680558396,-17.590472598721682
266.76952354756224,-17.590472598721682
266.76952354756224,-8.4813481065347
268.8008489427275,-8.4813481065347
268.8008489427275,6.444597382341174
270.8606040697397,6.444597382341174
270.8606040697397,17.864712968321584
272.9374506691718,17.864712968321584
272.9374506691718,0.5605606854459843
275.03129768393796,0.5605606854459843
275.03129768393796,-25.27304687613145
277.1132770613124,-25.27304687613145
277.1132770613124,-17.185870685444655
279.13218688853675,-17.185870685444655
279.13218688853675,2.183094360319859
281.23049506909047,2.183094360319859
281.23049506909047,-2.164211553803022
283.31470444198055,-2.164211553803022
283.31470444198055,-19.482658759970885
285.3639904549455,-19.482658759970885
285.3639904549455,-11.712615121794716
287.3809772015662,-11.712615121794716
287.3809772015662,-7.248876973164874
289.4520031826455,-7.248876973164874
289.4520031826455,-5.712921330230618
291.4717114350728,-5.712921330230618
291.4717114350728,5.1841952321514215
293.4953327259022,5.1841952321514215
293.4953327259022,-38.63059506607436
295.539525948143,-38.63059506607436
295.539525948143,1.612858574228372
297.6252432057566,1.612858574228372
297.6252432057566,4.102789129283824
299.708860110005,4.102789129283824
299.708860110005,3.040218721322139
301.78053290115497,3.040218721322139
301.78053290115497,-4.352482349823042
303.8313437317298,-4.352482349823042
303.8313437317298,-7.138353334916239
305.8939516927159,-7.138353334916239
305.8939516927159,-22.6225790056168
307.9205303202431,-22.6225790056168
307.9205303202431,-13.560892505787876
309.9734437988723,-13.560892505787876
309.9734437988723,-3.5355813926912343
312.05367554407803,-3.5355813926912343
312.05367554407803,7.417184406083591
314.07122047189904,7.417184406083591
314.07122047189904,9.161801840997569
316.10411847699754,9.161801840997569
316.10411847699754,-24.56378285150344
318.1293735187537,-24.56378285150344
318.1293735187537,-12.023781011683278
320.2248135170191,-12.023781011683278
320.2248135170191,16.42477478477752
322.2939812359859,16.42477478477752
322.2939812359859,-2.2857289640175793
324.2962664640506,-2.2857289640175793
324.2962664640506,21.17499773788305
326.3419281443986,21.17499773788305
326.3419281443986,5.683516207407912
328.35859074054184,5.683516207407912
328.35859074054184,-17.599663043994457
330.37523267729614,-17.599663043994457
330.37523267729614,12.621473931629966
332.4579743003954,12.621473931629966
332.4579743003954,-4.886585903232358
334.4685530621811,-4.886585903232358
334.4685530621811,-11.201022968248052
336.5629776756049,-11.201022968248052
336.5629776756049,10.993614017636904
338.62512016173054,10.993614017636904
338.62512016173054,16.078087909440633
340.71273145147245,16.078087909440633
340.71273145147245,-3.9906458437182857
342.77315204574415,-3.9906458437182857
342.77315204574415,-2.3789698168535494
344.81279109175483,-2.3789698168535494
344.81279109175483,1.6122023692547351
346.8190845193036,1.6122023692547351
346.8190845193036,-9.808114184819546
348.8734166942468,-9.808114184819546
348.8734166942468,5.5598775108267935
350.9460610609752,5.5598775108267935
350.9460610609752,13.69752042618052
353.0400757410867,13.69752042618052
353.0400757410867,-15.225851586347748
355.13955215538886,-15.225851586347748
355.13955215538886,31.676187205107183
357.2263251775604,31.676187205107183
357.2263251775604,4.320214350136766
359.29366747827726,4.320214350136766
359.29366747827726,1.8885189455046918
360.0,1.8885189455046918
# Sen15.sensor_w #4
0.0,0.0
2.094742676295465,0.0
2.094742676295465,-3.7316450487349884
4.175408133635693,-3.7316450487349884
4.175408133635693,-10.210950189041975
6.220432382527171,-10.210950189041975
6.220432382527171,-12.367963690507306
8.26027249382933,-12.367963690507306
8.26027249382933,-11.702541549504943
10.313382133023508,-11.702541549504943
10.313382133023508,-2.293747733526503
12.362536166710324,-2.293747733526503
12.362536166710324,-8.688552212175278
14.46147140060684,-8.688552212175278
14.46147140060684,-12.153946548490296
16.533462790630047,-12.153946548490296
16.533462790630047,-7.254788262045152
18.549026621246956,-7.254788262045152
18.549026621246956,17.288244564975454
20.574712204302003,17.288244564975454
20.574712204302003,8.275536806034168
22.616721523317807,8.275536806034168
22.616721523317807,-16.583606919751855
24.616961528544635,-16.583606919751855
24.616961528544635,-0.2049250219275405
26.697262581458908,-0.2049250219275405
26.697262581458908,3.8473321235757223
28.7028488989432,3.8473321235757223
28.7028488989432,11.994238993338781
30.710248620223897,11.994238993338781
30.710248620223897,-5.584085133367025
32.76802805743433,-5.584085133367025
32.76802805743433,8.090580373778067
34.81789381513162,8.090580373778067
34.81789381513162,-20.357373873731785
36.840694308907516,-20.357373873731785
36.840694308907516,2.882917066442027
38.933205028755054,2.882917066442027
38.933205028755054,-10.34656092091681
41.003516770241404,-10.34656092091681
41.003516770241404,5.054253465292999
43.04571040386206,5.054253465292999
43.04571040386206,-17.992776578750508
45.13992401161054,-17.992776578750508
45.13992401161054,-4.874226382989667
47.20141620804269,-4.874226382989667
47.20141620804269,12.04060157348537
49.28870179998404,12.04060157348537
49.28870179998404,-18.904449970901155
51.305712109182,-18.904449970901155
51.305712109182,-20.39355873146311
53.32779640337173,-20.39355873146311
53.32779640337173,8.891822305309352
55.354010001017734,8.891822305309352
55.354010001017734,20.037969574853488
57.36963726431787,20.037969574853488
57.36963726431787,15.267920983715346
59.425726176246,15.267920983715346
59.425726176246,6.11716901235096
61.442866827065075,6.11716901235096
61.442866827065075,9.77263333154777
63.51072439236663,9.77263333154777
63.51072439236663,-3.7654161437629456
65.58086976766499,-3.7654161437629456
65.58086976766499,9.187586916623603
67.6503328858867,9.187586916623603
67.6503328858867,6.499969815460767
69.70874062190462,6.499969815460767
69.70874062190462,-12.303660167856258
71.80363607753253,-12.303660167856258
71.80363607753253,-36.22764879787754
73.90050063845632,-36.22764879787754
73.90050063845632,-20.689812647490605
75.96895331662178,-20.689812647490605
75.96895331662178,17.20750781226506
78.06493806639385,17.20750781226506
78.06493806639385,-18.635099169487237
80.12278409839207,-18.635099169487237
80.12278409839207,15.702418588746275
82.18496084235665,15.702418588746275
82.18496084235665,-0.5102550047907509
84.25954042311217,-0.5102550047907509
84.25954042311217,5.7372277568212455
86.33726007577155,5.7372277568212455
86.33726007577155,-4.808307382260633
88.39737727130095,-4.808307382260633
88.39737727130095,-7.2628315054082115
90.47475695594723,-7.2628315054082115
90.47475695594723,12.182852040744287
92.48284103990099,12.182852040744287
92.48284103990099,-14.490028458437196
94.52821611166954,-14.490028458437196
94.52821611166954,-11.620628887459148
96.54669061483361,-11.620628887459148
96.54669061483361,-15.57757083421788
98.58025603597986,-15.57757083421788
98.58025603597986,6.840149436441599
100.59421508853316,6.840149436441599
100.59421508853316,13.566763691787779
102.67970366721754,13.566763691787779
102.67970366721754,12.83732873507703
104.73629008779274,12.83732873507703
104.73629008779274,11.591479534453857
106.82224030752381,11.591479534453857
106.82224030752381,10.012928996474797
108.85293344443458,10.012928996474797
108.85293344443458,7.2732880762841745
110.92990157216568,7.2732880762841745
110.92990157216568,2.6213273428695114
112.94507690818284,2.6213273428695114
112.94507690818284,36.54476624670538
114.97009952631254,36.54476624670538
114.97009952631254,-4.9736352781405175
117.01669519419711,-4.9736352781405175
117.01669519419711,-1.6492485505279804
119.05486736172102,-1.6492485505279804
119.05486736172102,4.1746187545761275
121.0796705094886,4.1746187545761275
121.0796705094886,7.635255353180598
123.07980972011778,7.635255353180598
123.07980972011778,-1.0176035674142119
125.11689266362421,-1.0176035674142119
125.11689266362421,6.347254658288667
127.12101545061635,6.347254658288667
127.12101545061635,-7.36050155360129
129.13264873870824,-7.36050155360129
129.13264873870824,-21.208979988108332
131.17320498367934,-21.208979988108332
131.17320498367934,27.4827540699183
133.2656470456087,27.4827540699183
133.2656470456087,18.464507335879937
135.33840175442577,18.464507335879937
135.33840175442577,19.900851693865135
137.4003301837007,19.900851693865135
137.4003301837007,-24.78001262732025
139.49577037163635,-24.78001262732025
139.49577037163635,9.83488059981128
141.58576016585855,9.83488059981128
141.58576016585855,9.875405402600974
143.60019128053952,9.875405402600974
143.60019128053952,-3.893415728593522
145.6882028870764,-3.893415728593522
145.6882028870764,-31.78551212758844
147.70086823848666,-31.78551212758844
147.70086823848666,-14.655070350808947
149.77869234469904,-14.655070350808947
149.77869234469904,-26.81069196088851
151.79589726113252,-26.81069196088851
151.79589726113252,-7.232566537234393
153.8117724098823,-7.232566537234393
153.8117724098823,-26.359579636394987
155.9015374037924,-26.359579636394987
155.9015374037924,-16.298402632118158
157.91205314656455,-16.298402632118158
157.91205314656455,-7.992331613841898
159.9371037941445,-7.992331613841898
159.9371037941445,7.326070272644777
161.95713488101205,7.326070272644777
161.95713488101205,-20.8569682359428
163.97472300459532,-20.8569682359428
163.97472300459532,12.824730944496256
166.07086323808264,12.824730944496256
166.07086323808264,3.1428814308838633
168.09656322720767,3.1428814308838633
168.09656322720767,2.5477619368170186
170.15964943035303,2.5477619368170186
170.15964943035303,3.0307308062078695
172.20643100109507,3.0307308062078695
172.20643100109507,14.911819128438875
174.23924097175018,14.911819128438875
174.23924097175018,28.24607861990893
176.24054250745797,28.24607861990893
176.24054250745797,5.527549868628774
178.26447915717247,5.527549868628774
178.26447915717247,-2.716904635873548
180.33744724498007,-2.716904635873548
180.33744724498007,15.379923008168781
182.35655578612685,15.379923008168781
182.35655578612685,-2.9040892512601943
184.3846613513804,-2.9040892512601943
184.3846613513804,6.347880071578407
186.43700695056242,6.347880071578407
186.43700695056242,18.075357740497473
188.47931789938343,18.075357740497473
188.47931789938343,-30.397866624351977
190.5028866256445,-30.397866624351977
190.5028866256445,45.596085824332015
192.56337646501387,45.596085824332015
192.56337646501387,12.114038323559024
194.65049242676898,12.114038323559024
194.65049242676898,-10.764573475560878
196.67836889577285,-10.764573475560878
196.67836889577285,10.72212024387698
198.71134045193148,10.72212024387698
198.71134045193148,-5.796119053450089
200.78933668866918,-5.796119053450089
200.78933668866918,-11.236933924904534
202.82629625919893,-11.236933924904534
202.82629625919893,1.1859833112643536
204.87310701801118,1.1859833112643536
204.87310701801118,-18.414388047664406
206.96143421227245,-18.414388047664406
206.96143421227245,-5.528694891074982
208.98820290008217,-5.528694891074982
208.98820290008217,-1.8472347660237205
211.06673339558083,-1.8472347660237205
211.06673339558083,9.742163912297887
213.09083749457676,9.742163912297887
213.09083749457676,8.309324076378642
215.12885073152307,8.309324076378642
215.12885073152307,4.047560282198689
217.1574191356443,4.047560282198689
217.1574191356443,-4.1488786609499355
219.2009961222197,-4.1488786609499355
219.2009961222197,-26.211670460957542
221.29601177197705,-26.211670460957542
221.29601177197705,-13.041959967495437
223.34951520996916,-13.041959967495437
223.34951520996916,1.1939442528553619
225.4074725346822,1.1939442528553619
225.4074725346822,17.784810546390833
227.50409155856744,17.784810546390833
227.50409155856744,-4.484840330537529
229.5203219654123,-4.484840330537529
229.5203219654123,-16.059868390470175
231.57643108555015,-16.059868390470175
231.57643108555015,17.432709454753248
233.6363805992611,17.432709454753248
233.6363805992611,-9.957244417213676
235.67109428994752,-9.957244417213676
235.67109428994752,2.834522299621367
237.73474906595774,2.834522299621367
237.73474906595774,-11.808056625785412
239.7598632096906,-11.808056625785412
239.7598632096906,15.191820390630998
241.8352561570245,15.191820390630998
241.8352561570245,-16.555409776538614
243.91376340801892,-16.555409776538614
243.91376340801892,-2.7902652239178387
245.92421175358405,-2.7902652239178387
245.92421175358405,20.98829151382092
247.94755205987528,20.98829151382092
247.94755205987528,-21.452569180237493
250.0267669441461,-21.452569180237493
250.0267669441461,12.867328174436926
252.08376997840324,12.867328174436926
252.08376997840324,-1.2278801372435268
254.15790846993318,-1.2278801372435268
254.15790846993318,11.845455309946267
256.21896548357887,11.845455309946267
256.21896548357887,2.2429805387302513
258.2564588573608,2.2429805387302513
258.2564588573608,6.110213035466035
260.313035628581,6.110213035466035
260.313035628581,-14.561361842024736
262.37503767737496,-14.561361842024736
262.37503767737496,-0.26430259598392014
264.39287821124196,-0.26430259598392014
264.39287821124196,-19.020755756361226
266.4845036640174,-19.020755756361226
266.4845036640174,-7.987982952980875
268.5150712875064,-7.987982952980875
268.5150712875064,-14.774672663994645
270.57057389822904,-14.774672663994645
270.57057389822904,9.463313926599193
272.63106624087527,9.463313926599193
272.63106624087527,12.471311007746037
274.68753926844425,12.471311007746037
274.68753926844425,5.539668636404469
276.70411608240823,5.539668636404469
276.70411608240823,33.697052807268484
278.78541843321733,33.697052807268484
278.78541843321733,-12.272829127143241
280.87269035745015,-12.272829127143241
280.87269035745015,0.9640043138232005
282.89839796949275,0.9640043138232005
282.89839796949275,3.663151966631675
284.9376053268709,3.663151966631675
284.9376053268709,18.186064775225937
287.0287317911025,18.186064775225937
287.0287317911025,-28.12982444851948
289.0411810478294,-28.12982444851948
289.0411810478294,-2.700462183297886
291.06982388307523,-2.700462183297886
291.06982388307523,-22.500503416694723
293.0974452116735,-22.500503416694723
293.0974452116735,4.482053324123052
295.17869872121605,4.482053324123052
295.17869872121605,22.672363437538063
297.1949863909156,22.672363437538063
297.1949863909156,5.323276639735756
299.2232267002457,5.323276639735756
299.2232267002457,18.28581026320366
301.3077504164041,18.28581026320366
301.3077504164041,-18.826994187260773
303.3280746985896,-18.826994187260773
303.3280746985896,-5.2020913298426805
305.40372001537236,-5.2020913298426805
305.40372001537236,26.69871550020463
307.5001911214644,26.69871550020463
307.5001911214644,-15.17392178015422
309.55005545817,-15.17392178015422
309.55005545817,1.5005695492763502
311.641441885351,1.5005695492763502
311.641441885351,-12.411323266705729
313.64739312170286,-12.411323266705729
313.64739312170286,15.045050604086276
315.66575994190543,15.045050604086276
315.66575994190543,-0.5694550918713585
317.6728204699169,-0.5694550918713585
317.6728204699169,7.895139460644413
319.70949767736585,7.895139460644413
319.70949767736585,-7.236155749259495
321.8085198519283,-7.236155749259495
321.8085198519283,2.0290746289200983
323.8096107118997,2.0290746289200983
323.8096107118997,-15.81565484750726
325.8574946065163,-15.81565484750726
325.8574946065163,-5.379927455972267
327.8732854094556,-5.379927455972267
327.8732854094556,-8.332186487644313
329.90359698149547,-8.332186487644313
329.90359698149547,41.844201734278315
331.997089539273,41.844201734278315
331.997089539273,-1.0616932781796302
334.0370440084509,-1.0616932781796302
334.0370440084509,-13.997482784812092
336.0853272276525,-13.997482784812092
336.0853272276525,-19.53553918058483
338.08902069896635,-19.53553918058483
338.08902069896635,36.589961459741815
340.1778280127396,36.589961459741815
340.1778280127396,-11.620039125205196
342.2489648154783,-11.620039125205196
342.2489648154783,-5.879392231697899
344.2909278396809,-5.879392231697899
344.2909278396809,-17.25850066554787
346.3603259699948,-17.25850066554787
346.3603259699948,-15.291109460383478
348.4551782860411,-15.291109460383478
348.4551782860411,-13.287065259846004
350.4700728836463,-13.287065259846004
350.4700728836463,1.0720230756373839
352.50627200028373,1.0720230756373839
352.50627200028373,3.7696214786948463
354.53284417646955,3.7696214786948463
354.53284417646955,20.464935145105528
356.6249110112798,20.464935145105528
356.6249110112798,13.93198736028835
358.6511888547472,13.93198736028835
358.6511888547472,25.25895614044595
360.0,25.25895614044595
# Sen15.sensor_w #5
0.0,0.0
2.0813677258674836,0.0
2.0813677258674836,2.972195879555056
4.17458391216957,2.972195879555056
4.17458391216957,3.067210461414932
6.203102269765551,3.067210461414932
6.203102269765551,2.340863386520119
8.252774061430827,2.340863386520119
8.252774061430827,4.089650144973921
10.294059380428509,4.089650144973921
10.294059380428509,1.6875547815029752
12.315030591498216,1.6875547815029752
12.315030591498216,-16.894642621049172
14.321077822759827,-16.894642621049172
14.321077822759827,-16.973604338382547
16.348218701599244,-16.973604338382547
16.348218701599244,4.357143469096698
18.428054438200455,4.357143469096698
18.428054438200455,-6.727455459829906
20.438406037687205,-6.727455459829906
20.438406037687205,25.80962533134078
22.493055200251785,25.80962533134078
22.493055200251785,-12.751113386816712
24.504943701416313,-12.751113386816712
24.504943701416313,-0.7685070218736715
26.57376750609939,-0.7685070218736715
26.57376750609939,-13.250596633520699
28.66308359590646,-13.250596633520699
28.66308359590646,6.467466153931795
30.678390588758614,6.467466153931795
30.678390588758614,9.92713497731813
32.75381072226475,9.92713497731813
32.75381072226475,-4.913817463326435
34.76128541289395,-4.913817463326435
34.76128541289395,8.724642556722987
36.85944132665766,8.724642556722987
36.85944132665766,-17.73865056730479
38.93865892590071,-17.73865056730479
38.93865892590071,19.359321628577213
40.98886461120273,19.359321628577213
40.98886461120273,5.500297384013189
43.05237094421762,5.500297384013189
43.05237094421762,-4.86455786340567
45.13534716701832,-4.86455786340567
45.13534716701832,4.014986880947621
47.17339750189568,4.014986880947621
47.17339750189568,-19.883136778598256
49.241235251763044,-19.883136778598256
49.241235251763044,1.0114238927722223
51.30376760079484,1.0114238927722223
51.30376760079484,31.781839104553356
53.304081810544794,31.781839104553356
53.304081810544794,2.324402661165254
55.37473470768774,2.324402661165254
55.37473470768774,8.229174532768875
57.3795883466711,8.229174532768875
57.3795883466711,18.842331955551288
59.42171911613439,18.842331955551288
59.42171911613439,15.877896512060179
61.429499554237196,15.877896512060179
61.429499554237196,-16.273858326888426
63.45971401180035,-16.273858326888426
63.45971401180035,12.20019908876117
65.55858855747306,12.20019908876117
65.55858855747306,2.5218988545087324
67.5767090817136,2.5218988545087324
67.5767090817136,-6.4593114367504905
69.67092030390586,-6.4593114367504905
69.67092030390586,-0.23965493175960587
71.76888803051658,-0.23965493175960587
71.76888803051658,18.149242944221246
73.80651518503535,18.149242944221246
73.80651518503535,-22.559848362605884
75.89642547704898,-22.559848362605884
75.89642547704898,1.726744432778877
77.93291254349165,1.726744432778877
77.93291254349165,1.5702375927767507
80.00356995134726,1.5702375927767507
80.00356995134726,-6.49946275782455
82.00487107985754,-6.49946275782455
82.00487107985754,5.503823884854334
84.10030534753115,5.503823884854334
84.10030534753115,11.015453557637741
86.14435418936418,11.015453557637741
86.14435418936418,-28.294576917320224
88.24157690305411,-28.294576917320224
88.24157690305411,-3.745213657494238
90.33874585348143,-3.745213657494238
90.33874585348143,-1.54835161326053
92.33965353622519,-1.54835161326053
92.33965353622519,27.565381030230775
94.37721206317767,27.565381030230775
94.37721206317767,-31.83390080662849
96.47437444232732,-31.83390080662849
96.47437444232732,-14.755917549606927
98.50857347218637,-14.755917549606927
98.50857347218637,8.707761515235632
100.60450618473962,8.707761515235632
100.60450618473962,-8.800158616722399
102.69491512113349,-8.800158616722399
102.69491512113349,-14.771296170682968
104.70448237626435,-14.771296170682968
104.70448237626435,-6.831573765986652
106.71010463635048,-6.831573765986652
106.71010463635048,-3.6192069364487227
108.75316896438328,-3.6192069364487227
108.75316896438328,11.305080382156959
110.82281565193271,11.305080382156959
110.82281565193271,4.902151051002558
112.91506869365134,4.902151051002558
112.91506869365134,-4.407592436869303
114.94563321981705,-4.407592436869303
114.94563321981705,-30.80809319801952
117.0400900474638,-30.80809319801952
117.0400900474638,-2.06588496734389
119.07118718557797,-2.06588496734389
119.07118718557797,-10.105642223890626
121.1269799230041,-10.105642223890626
121.1269799230041,13.489177464166245
123.21665350576325,13.489177464166245
123.21665350576325,-2.7389562537889725
125.21948910688899,-2.7389562537889725
125.21948910688899,12.437495434705962
127.28569014386987,12.437495434705962
127.28569014386987,-2.9272106774261224
129.30426291146088,-2.9272106774261224
129.30426291146088,-1.197275618225989
131.3823629790009,-1.197275618225989
131.3823629790009,-13.204586215795075
133.40847688187137,-13.204586215795075
133.40847688187137,16.156258955444738
135.4179782101906,16.156258955444738
135.4179782101906,35.040154035405514
137.48270411980542,35.040154035405514
137.48270411980542,-0.5808565554561317
139.5081414681879,-0.5808565554561317
139.5081414681879,6.38234670927135
141.52344927129056,6.38234670927135
141.52344927129056,6.0509678229993815
143.52346453841488,6.0509678229993815
143.52346453841488,11.088296287695707
145.55115142420567,11.088296287695707
145.55115142420567,-13.739461862417595
147.64173638425797,-13.739461862417595
147.64173638425797,12.429415117836
149.72211219691334,12.429415117836
149.72211219691334,9.390398676380421
151.78349554447507,9.390398676380421
151.78349554447507,9.526724640436706
153.78569233796597,9.526724640436706
153.78569233796597,4.554978149112276
155.81959304941844,4.554978149112276
155.81959304941844,13.395557767710097
157.87699373729734,13.395557767710097
157.87699373729734,6.862255237617591
159.94502526785695,6.862255237617591
159.94502526785695,-16.330634580419954
162.0136250067127,-16.330634580419954
162.0136250067127,-12.882605277382
164.05996473324555,-12.882605277382
164.05996473324555,7.754231683731621
166.1507796305586,7.754231683731621
166.1507796305586,20.087937734102407
168.1960784862918,20.087937734102407
168.1960784862918,-8.246191050671674
170.28021144252304,-8.246191050671674
170.28021144252304,18.812645970474293
172.2890666233611,18.812645970474293
172.2890666233611,-25.6226435564034
174.29469565937777,-25.6226435564034
174.29469565937777,-1.3663450876117742
176.39171516569192,-1.3663450876117742
176.39171516569192,5.559308873086352
178.450224771256,5.559308873086352
178.450224771256,-6.403034770228221
180.46399340873887,-6.403034770228221
180.46399340873887,-2.556342928956916
182.46765560283745,-2.556342928956916
182.46765560283745,7.917133938583052
184.53342882623812,7.917133938583052
184.53342882623812,7.0057943177897775
186.5674956989022,7.0057943177897775
186.5674956989022,-2.482563038932963
188.61608628380824,-2.482563038932963
188.61608628380824,-11.436262325065433
190.71067064214085,-11.436262325065433
190.71067064214085,-13.065899007766962
192.77515709218247,-13.065899007766962
192.77515709218247,1.5739765297191834
194.7887039910503,1.5739765297191834
194.7887039910503,-3.6695546787149875
196.7910777488882,-3.6695546787149875
196.7910777488882,7.886024298979626
198.88063408603958,7.886024298979626
198.88063408603958,-2.6904183843469536
200.91429482178816,-2.6904183843469536
200.91429482178816,27.092579501761236
202.96086596401454,27.092579501761236
202.96086596401454,1.3586844871335786
204.99738949929605,1.3586844871335786
204.99738949929605,3.5397503037094062
207.03681503842813,3.5397503037094062
207.03681503842813,-34.89712344452012
209.1355190506425,-34.89712344452012
209.1355190506425,-16.742694217393062
211.13638674930993,-16.742694217393062
211.13638674930993,20.89560170384012
213.19545952426117,20.89560170384012
213.19545952426117,3.4210316407145474
215.2085646412552,3.4210316407145474
215.2085646412552,1.8011404135198623
217.28322977653443,1.8011404135198623
217.28322977653443,13.711607667971668
219.31124279775383,13.711607667971668
219.31124279775383,2.2681284247790803
221.3355781377258,2.2681284247790803
221.3355781377258,-5.392285742662636
223.3653029537025,-5.392285742662636
223.3653029537025,15.807690318456093
225.39712244402244,15.807690318456093
225.39712244402244,-8.434901622660668
227.46124019838416,-8.434901622660668
227.46124019838416,0.39496261720229664
229.5022228513316,0.39496261720229664
229.5022228513316,13.87625997553846
231.5956306045922,13.87625997553846
231.5956306045922,20.829787780987935
233.60526784754356,20.829787780987935
233.60526784754356,5.272028773311664
235.66856526263484,5.272028773311664
235.66856526263484,9.553505466627868
237.67809782404402,9.553505466627868
237.67809782404402,-1.7157108609172382
239.75315504345625,-1.7157108609172382
239.75315504345625,16.347767397051967
241.8218242146218,16.347767397051967
241.8218242146218,1.3299962984305869
243.90278107082375,1.3299962984305869
243.90278107082375,-2.8366731183703973
245.93705122397174,-2.8366731183703973
245.93705122397174,25.136895115449732
247.98313856859107,25.136895115449732
247.98313856859107,-13.372257177565613
249.98419733548874,-13.372257177565613
249.98419733548874,11.679485838084522
252.03556746366465,11.679485838084522
252.03556746366465,8.785895692156055
254.05151124725603,8.785895692156055
254.05151124725603,-4.774105751721882
256.0571615201981,-4.774105751721882
256.0571615201981,21.718558462641603
258.0784422615875,21.718558462641603
258.0784422615875,-9.3073075775105
260.1033061478158,-9.3073075775105
260.1033061478158,17.7786326786972
262.18590674437263,17.7786326786972
262.18590674437263,15.0703434150076
264.1941540543661,15.0703434150076
264.1941540543661,9.744505728759094
266.25153045927283,9.744505728759094
266.25153045927283,-4.214863152114761
268.3450535221483,-4.214863152114761
268.3450535221483,-9.608181286309325
270.39828224358865,-9.608181286309325
270.39828224358865,-0.4580056388086059
272.411046822414,-0.4580056388086059
272.411046822414,13.980131835218605
274.4717633642942,13.980131835218605
274.4717633642942,-2.175719322866557
276.5511993384056,-2.175719322866557
276.5511993384056,-2.8596461314051744
278.5925040534536,-2.8596461314051744
278.5925040534536,-2.743825933082798
280.6138970766059,-2.743825933082798
280.6138970766059,5.79078739386198
282.7067894586738,5.79078739386198
282.7067894586738,7.852828692196528
284.75758176731165,7.852828692196528
284.75758176731165,8.45011803435079
286.8572787532337,8.45011803435079
286.8572787532337,-30.93040415730745
288.8591406106474,-30.93040415730745
288.8591406106474,0.46878068967014064
290.91933094402725,0.46878068967014064
290.91933094402725,-2.8374750711879826
292.9409501162822,-2.8374750711879826
292.9409501162822,6.152805984210554
295.0046503414565,6.152805984210554
295.0046503414565,-13.278153414043764
297.0103166546576,-13.278153414043764
297.0103166546576,20.294821073407743
299.0167926122575,20.294821073407743
299.0167926122575,6.762316876491087
301.0523407530417,6.762316876491087
301.0523407530417,12.509975908365877
303.0555763193322,12.509975908365877
303.0555763193322,5.588414706461126
305.0900996315213,5.588414706461126
305.0900996315213,-13.612768226723485
307.12055880289233,-13.612768226723485
307.12055880289233,16.367986885294233
309.20671530700577,16.367986885294233
309.20671530700577,6.822084148313077
311.21544937055415,6.822084148313077
311.21544937055415,2.805645061087473
313.2668922216403,2.805645061087473
313.2668922216403,-17.366365833956188
315.26779674724764,-17.366365833956188
315.26779674724764,22.25653725229351
317.34838500716467,22.25653725229351
317.34838500716467,4.824425667274355
319.3839757167945,4.824425667274355
319.3839757167945,-12.29729847787015
321.4288707282041,-12.29729847787015
321.4288707282041,1.6216643697302398
323.4314387003309,1.6216643697302398
323.4314387003309,0.42431742258656685
325.5010218031126,0.42431742258656685
325.5010218031126,21.20777168378416
327.5183661857744,21.20777168378416
327.5183661857744,-16.037325982049182
329.52304367140283,-16.037325982049182
329.52304367140283,24.561937919130244
331.530124774309,24.561937919130244
331.530124774309,17.52849041956094
333.53025492170326,17.52849041956094
333.53025492170326,4.5175750123240315
335.59780053938385,4.5175750123240315
335.59780053938385,-2.3681002267200415
337.67716827708676,-2.3681002267200415
337.67716827708676,13.903779166503258
339.7273494493845,13.903779166503258
339.7273494493845,-14.295142934195205
341.73720331289144,-14.295142934195205
341.73720331289144,-0.1273471914277806
343.76629211084764,-0.1273471914277806
343.76629211084764,-20.007892177441704
345.81086610964854,-20.007892177441704
345.81086610964854,0.7306203719607496
347.8494587328464,0.7306203719607496
347.8494587328464,-16.2314720625536
349.94111845264865,-16.2314720625536
349.94111845264865,6.971123872859671
352.02414355289665,6.971123872859671
352.02414355289665,-6.8292753582922705
354.0887624116702,-6.8292753582922705
354.0887624116702,9.599192694146081
356.17650822343103,9.599192694146081
356.17650822343103,-25.039383790365086
358.17911850870894,-25.039383790365086
358.17911850870894,22.465710322491212
360.0,22.465710322491212
# Sen15.sensor_w #6
0.0,0.0
2.0566000553546475,0.0
2.0566000553546475,0.9197037605505564
4.1063472360896665,0.9197037605505564
4.1063472360896665,-5.8619627511399
6.152920994526587,-5.8619627511399
6.152920994526587,-6.081027548873478
8.196231075939291,-6.081027548873478
8.196231075939291,33.25571679401512
10.275648973441658,33.25571679401512
10.275648973441658,-8.80797881321803
12.34826737931833,-8.80797881321803
12.34826737931833,2.2401078284827065
14.425687697253126,2.2401078284827065
14.425687697253126,4.382063793562754
16.446746369617,4.382063793562754
16.446746369617,-4.044112784118895
18.514724257673496,-4.044112784118895
18.514724257673496,2.8716037913962413
20.598240303431353,2.8716037913962413
20.598240303431353,-3.6721255934136106
22.643344073600396,-3.6721255934136106
22.643344073600396,7.149819228729512
24.673737702312245,7.149819228729512
24.673737702312245,-10.602804283355347
26.744750376904435,-10.602804283355347
26.744750376904435,3.838883188082127
28.779508270879354,3.838883188082127
28.779508270879354,4.889994599346104
30.829753213973856,4.889994599346104
30.829753213973856,2.741147607865042
32.92484157253204,2.741147607865042
32.92484157253204,-10.584607336651603
34.94815983653684,-10.584607336651603
34.94815983653684,-9.97114386976368
36.96241858129077,-9.97114386976368
36.96241858129077,1.813145824307618
38.96869289041653,1.813145824307618
38.96869289041653,-29.50734965697586
41.022180433404216,-29.50734965697586
41.022180433404216,-18.15729828456094
43.05367934908306,-18.15729828456094
43.05367934908306,13.38963961231078
45.10386450821124,13.38963961231078
45.10386450821124,-2.59734223658688
47.12880463752251,-2.59734223658688
47.12880463752251,-20.1612707099056
49.18587795039643,-20.1612707099056
49.18587795039643,-23.85089439578257
51.26886231615215,-23.85089439578257
51.26886231615215,1.4839079072365904
53.366927621559846,1.4839079072365904
53.366927621559846,-28.81088242824585
55.381581633072045,-28.81088242824585
55.381581633072045,14.826441401028049
57.45785579795456,14.826441401028049
57.45785579795456,12.929675093105779
59.55180124230138,12.929675093105779
59.55180124230138,4.51585652454437
61.60277527618919,4.51585652454437
61.60277527618919,-1.695555833742681
63.669981081171436,-1.695555833742681
63.669981081171436,3.5472184412228156
65.70240719495824,3.5472184412228156
65.70240719495824,9.297290367855522
67.74716873600154,9.297290367855522
67.74716873600154,-15.969532053472136
69.83017070917873,-15.969532053472136
69.83017070917873,-15.118492260966153
71.92913905817545,-15.118492260966153
71.92913905817545,-13.067140463381818
73.95569394299883,-13.067140463381818
73.95569394299883,-19.654563968882
75.99596838808775,-19.654563968882
75.99596838808775,-22.021884858952923
78.06157768649362,-22.021884858952923
78.06157768649362,14.428884392133654
80.07719696346973,14.428884392133654
80.07719696346973,-12.211934141694625
82.13312460491606,-12.211934141694625
82.13312460491606,-15.841243577943676
84.18384205098069,-15.841243577943676
84.18384205098069,-16.72005222264193
86.24419264787565,-16.72005222264193
86.24419264787565,-8.071782580909662
88.29262527817204,-8.071782580909662
88.29262527817204,-4.174029837067178
90.30001782116744,-4.174029837067178
90.30001782116744,10.336375918802974
92.32197979857003,10.336375918802974
92.32197979857003,4.694067833872033
94.40213845211203,4.694067833872033
94.40213845211203,-1.6299744263444278
96.43348177484815,-1.6299744263444278
96.43348177484815,-10.592315146296201
98.47982444280726,-10.592315146296201
98.47982444280726,-2.9865857349222433
100.49532562249296,-2.9865857349222433
100.49532562249296,-6.463486421930902
102.56918813643921,-6.463486421930902
102.56918813643921,-4.508109500819581
104.63521696344884,-4.508109500819581
104.63521696344884,-5.927628010116299
106.69572491875776,-5.927628010116299
106.69572491875776,-6.265692227851498
108.7557422941921,-6.265692227851498
108.7557422941921,12.498841391998345
110.75938001646628,12.498841391998345
110.75938001646628,3.958974164072223
112.85201549404572,3.958974164072223
112.85201549404572,5.076022046703647
114.90480390999261,5.076022046703647
114.90480390999261,18.056169733454762
116.95067749053955,18.056169733454762
116.95067749053955,1.7831501429962051
118.98457557376068,1.7831501429962051
118.98457557376068,-0.2698342293206807
121.03675587925643,-0.2698342293206807
121.03675587925643,6.61433314579864
123.09446420286355,6.61433314579864
123.09446420286355,24.94367631493067
125.11726401441534,24.94367631493067
125.11726401441534,16.80717307376567
127.19142446100625,16.80717307376567
127.19142446100625,-3.501874918340113
129.2728180158505,-3.501874918340113
129.2728180158505,1.454901182861021
131.34871632539367,1.454901182861021
131.34871632539367,9.137389110660243
133.3572962453806,9.137389110660243
133.3572962453806,-2.930348366725021
135.38287443817129,-2.930348366725021
135.38287443817129,-19.705397221178597
137.47771420480143,-19.705397221178597
137.47771420480143,8.80931797365336
139.5059209224667,8.80931797365336
139.5059209224667,6.470881692533792
141.59988422368139,6.470881692533792
141.59988422368139,-8.998779949048723
143.64002129961682,-8.998779949048723
143.64002129961682,-7.592219897205391
145.73950276820432,-7.592219897205391
145.73950276820432,-5.511512598355745
147.81316516224567,-5.511512598355745
147.81316516224567,5.262791862491461
149.879774242102,5.262791862491461
149.879774242102,-18.514584817553807
151.8934643363586,-18.514584817553807
151.8934643363586,-9.54406608941709
153.9714989679461,-9.54406608941709
153.9714989679461,12.00084004019807
155.9745942550539,12.00084004019807
155.9745942550539,-2.885196655206047
158.00986665992193,-2.885196655206047
158.00986665992193,-17.220428844719923
160.09224893569595,-17.220428844719923
160.09224893569595,-3.4915287916422266
162.19117040607136,-3.4915287916422266
162.19117040607136,5.320110545777401
164.2872043102944,5.320110545777401
164.2872043102944,11.106212547498451
166.37170144993266,11.106212547498451
166.37170144993266,-6.59424658996422
168.45020549530585,-6.59424658996422
168.45020549530585,6.802351589855121
170.51819251528414,6.802351589855121
170.51819251528414,16.245605032170953
172.59456448332648,16.245605032170953
172.59456448332648,-9.817002332682994
174.6834293581651,-9.817002332682994
174.6834293581651,-21.33183748250442
176.71558091627548,-21.33183748250442
176.71558091627548,9.050742297943588
178.81434238480588,9.050742297943588
178.81434238480588,-9.498475473513784
180.91013932607427,-9.498475473513784
180.91013932607427,25.641475396718185
182.94421862970347,25.641475396718185
182.94421862970347,5.958055717024834
185.0096605042345,5.958055717024834
185.0096605042345,10.035039534213382
187.02836581248582,10.035039534213382
187.02836581248582,-5.218037896689174
189.11689157554198,-5.218037896689174
189.11689157554198,-3.5941345760982277
191.19645349852047,-3.5941345760982277
191.19645349852047,-5.131000994943411
193.20489769385424,-5.131000994943411
193.20489769385424,-7.0751673710486775
195.24144625885629,-7.0751673710486775
195.24144625885629,-4.813378766067106
197.2431938843403,-4.813378766067106
197.2431938843403,16.538963482795012
199.32643341802256,16.538963482795012
199.32643341802256,-16.524887736304198
201.39870194341708,-16.524887736304198
201.39870194341708,-1.9495931887425206
203.40428505913064,-1.9495931887425206
203.40428505913064,9.809823238448512
205.44251440487034,9.809823238448512
205.44251440487034,2.2992646606748464
207.50511229128324,2.2992646606748464
207.50511229128324,-6.948954992211223
209.51859133005345,-6.948954992211223
209.51859133005345,3.013477597865599
211.59945027023645,3.013477597865599
211.59945027023645,-8.05508721438667
213.62982965096444,-8.05508721438667
213.62982965096444,-9.514996441227455
215.68060355148035,-9.514996441227455
215.68060355148035,-41.681253384803654
217.7403389525091,-41.681253384803654
217.7403389525091,2.728542090607605
219.81223882570993,2.728542090607605
219.81223882570993,6.010272699192768
221.83098350807106,6.010272699192768
221.83098350807106,16.02255303358985
223.89348003717143,16.02255303358985
223.89348003717143,-22.082101541862286
225.9711896874102,-22.082101541862286
225.9711896874102,35.87740424632551
228.0300483868531,35.87740424632551
228.0300483868531,6.768999233071297
230.04196330998818,6.768999233071297
230.04196330998818,-11.2359039787678
232.12974080271704,-11.2359039787678
232.12974080271704,8.45750197148813
234.18970557821197,8.45750197148813
234.18970557821197,-0.13086542761294956
236.2336985163597,-0.13086542761294956
236.2336985163597,12.751679546007704
238.2742043934968,12.751679546007704
238.2742043934968,4.044053879852127
240.32795583645063,4.044053879852127
240.32795583645063,15.72610327236834
242.41817723775316,15.72610327236834
242.41817723775316,-12.874666413382151
244.42210025409727,-12.874666413382151
244.42210025409727,13.380065719586906
246.4488823128544,13.380065719586906
246.4488823128544,-19.67269662183434
248.4592252795104,-19.67269662183434
248.4592252795104,25.518690675007
250.54771722133577,25.518690675007
250.54771722133577,6.165465735515924
252.59715107369695,6.165465735515924
252.59715107369695,-6.738974357997557
254.642445496309,-6.738974357997557
254.642445496309,12.386880547774744
256.7315275255502,12.386880547774744
256.7315275255502,-13.687935065019278
258.82282784671133,-13.687935065019278
258.82282784671133,19.480692804790607
260.8696321111323,19.480692804790607
260.8696321111323,-9.813727313378621
262.8715631086069,-9.813727313378621
262.8715631086069,-4.105113724078232
264.87563721175974,-4.105113724078232
264.87563721175974,-10.88065273658037
266.9213606126538,-10.88065273658037
266.9213606126538,-18.046020113527415
268.9412683476396,-18.046020113527415
268.9412683476396,16.116182881974012
270.98275241758716,16.116182881974012
270.98275241758716,12.282201808025665
273.0635694920845,12.282201808025665
273.0635694920845,-4.590282179644183
275.1280592808798,-4.590282179644183
275.1280592808798,24.147252416202377
277.1640101434034,24.147252416202377
277.1640101434034,24.475135384520925
279.24540844754216,24.475135384520925
279.24540844754216,1.5624356892191127
281.30629362513037,1.5624356892191127
281.30629362513037,-12.364464205349012
283.3940262282895,-12.364464205349012
283.3940262282895,14.683516304153782
285.3992068213344,14.683516304153782
285.3992068213344,-4.1323829908989405
287.4821316668016,-4.1323829908989405
287.4821316668016,6.358072828660069
289.55515893201357,6.358072828660069
289.55515893201357,28.647516852700523
291.62033837947115,28.647516852700523
291.62033837947115,9.389462778872252
293.65823465596145,9.389462778872252
293.65823465596145,9.380428616651736
295.73813267706544,9.380428616651736
295.73813267706544,-5.362704744622063
297.8339419437869,-5.362704744622063
297.8339419437869,6.199857899283997
299.92541996644434,6.199857899283997
299.92541996644434,15.224820871180501
301.98709358876704,15.224820871180501
301.98709358876704,-0.9367693775048672
304.05082775335035,-0.9367693775048672
304.05082775335035,-10.471233267535398
306.0585038765498,-10.471233267535398
306.0585038765498,12.509607992014102
308.0872364935168,12.509607992014102
308.0872364935168,4.1704513229282085
310.12006914801293,4.1704513229282085
310.12006914801293,-10.90632079777596
312.14800559529704,-10.90632079777596
312.14800559529704,12.152860474059267
314.18742335313647,12.152860474059267
314.18742335313647,4.936730576794699
316.2756293214301,4.936730576794699
316.2756293214301,-12.339716303587624
318.2859821682243,-12.339716303587624
318.2859821682243,-7.925886133069265
320.2888789307475,-7.925886133069265
320.2888789307475,-7.236334038047666
322.310058878424,-7.236334038047666
322.310058878424,5.928899225694606
324.4081995430489,5.928899225694606
324.4081995430489,-13.984857742960976
326.4440384239515,-13.984857742960976
326.4440384239515,-4.82914639780631
328.5286001679582,-4.82914639780631
328.5286001679582,5.372496239180446
330.58213312777383,5.372496239180446
330.58213312777383,10.062428483808366
332.6576209835216,10.062428483808366
332.6576209835216,16.522634875869556
334.739513246478,16.522634875869556
334.739513246478,21.729465503865413
336.76205273894215,21.729465503865413
336.76205273894215,12.226784745959458
338.80911692878965,12.226784745959458
338.80911692878965,2.5377614994970297
340.88391365615365,2.5377614994970297
340.88391365615365,-1.2288408757751943
342.93587986192887,-1.2288408757751943
342.93587986192887,10.614625655668032
344.97727436674086,10.614625655668032
344.97727436674086,28.60190771229888
346.9874897378666,28.60190771229888
346.9874897378666,7.460656729395812
349.0370802673647,7.460656729395812
349.0370802673647,13.749546592063302
351.1184930869285,13.749546592063302
351.1184930869285,-0.19006167974459992
353.1355507273138,-0.19006167974459992
353.1355507273138,8.386823731445013
355.1367204154058,8.386823731445013
355.1367204154058,-15.673255150402888
357.19036012442695,-15.673255150402888
357.19036012442695,-1.7883676660994194
359.2633634033329,-1.7883676660994194
359.2633634033329,7.696284759856665
360.0,7.696284759856665
# Sen15.sensor_w #7
0.0,0.0
2.0693766876442807,0.0
2.0693766876442807,-9.563676379545354
4.159051247029232,-9.563676379545354
4.159051247029232,8.194124245007085
6.240406570524843,8.194124245007085
6.240406570524843,-13.786754034772418
8.33089625525608,-13.786754034772418
8.33089625525608,-0.06000435497855624
10.385780037821668,-0.06000435497855624
10.385780037821668,-11.840933773559613
12.47881550493512,-11.840933773559613
12.47881550493512,-22.296231105588426
14.545896089570201,-22.296231105588426
14.545896089570201,-15.197661070575432
16.636564067941695,-15.197661070575432
16.636564067941695,-32.44931496334073
18.714600117925144,-32.44931496334073
18.714600117925144,-10.239812147681901
20.720500724536617,-10.239812147681901
20.720500724536617,-19.209857350413195
22.724637893873542,-19.209857350413195
22.724637893873542,5.943468008037711
24.738946537892016,5.943468008037711
24.738946537892016,8.692267112702583
26.835719129346074,8.692267112702583
26.835719129346074,7.98216333022049
28.915679241361154,7.98216333022049
28.915679241361154,4.444475729330125
30.964019289113057,4.444475729330125
30.964019289113057,-1.2328279688477937
32.97279123627903,-1.2328279688477937
32.97279123627903,-7.086513635277354
35.00408509393547,-7.086513635277354
35.00408509393547,19.577358779293068
37.03178118270684,19.577358779293068
37.03178118270684,-3.7538165080759143
39.055649186986074,-3.7538165080759143
39.055649186986074,-11.206094766795335
41.06481932398265,-11.206094766795335
41.06481932398265,10.832779760356917
43.14883696989957,10.832779760356917
43.14883696989957,-27.38591003279506
45.193336176669135,-27.38591003279506
45.193336176669135,-11.838830965322718
47.24250937363312,-11.838830965322718
47.24250937363312,-4.077903709713262
49.330500526541734,-4.077903709713262
49.330500526541734,-1.324805686606933
51.37875728001262,-1.324805686606933
51.37875728001262,1.0762170452519242
53.38190373260905,1.0762170452519242
53.38190373260905,14.463891736583058
55.460916859214336,14.463891736583058
55.460916859214336,-2.7479097513362065
57.5414461359849,-2.7479097513362065
57.5414461359849,0.06635999024288416
59.6283879620701,0.06635999024288416
59.6283879620701,-18.98281062291133
61.64815785351472,-18.98281062291133
61.64815785351472,5.799872807153047
63.658484726932684,5.799872807153047
63.658484726932684,-12.862712319385126
65.68745333854832,-12.862712319385126
65.68745333854832,-11.804356214397613
67.71672778920984,-11.804356214397613
67.71672778920984,1.7873593056610253
69.80153953892693,1.7873593056610253
69.80153953892693,-1.3249006083239414
71.84984414301385,-1.3249006083239414
71.84984414301385,-10.223005737183472
73.91485281094691,-10.223005737183472
73.91485281094691,-30.617152836257155
75.94515077904103,-30.617152836257155
75.94515077904103,-21.57587694027463
77.97397547554449,-21.57587694027463
77.97397547554449,5.974637749103106
80.06919802941441,5.974637749103106
80.06919802941441,0.264670484288062
82.11457183343,0.264670484288062
82.11457183343,-8.642590413191794
84.16474806583308,-8.642590413191794
84.16474806583308,-10.890819832536895
86.17172471744284,-10.890819832536895
86.17172471744284,-5.171003584606616
88.26073743007254,-5.171003584606616
88.26073743007254,-3.372657897403258
90.31151351439956,-3.372657897403258
90.31151351439956,10.340696730861843
92.33269083948451,10.340696730861843
92.33269083948451,22.070976431083473
94.39315489439687,22.070976431083473
94.39315489439687,32.32456516101499
96.48213346435844,32.32456516101499
96.48213346435844,-8.681107053526837
98.54078994544508,-8.681107053526837
98.54078994544508,-9.752049651509298
100.60029727551965,-9.752049651509298
100.60029727551965,-10.924795352476044
102.68065098463696,-10.924795352476044
102.68065098463696,4.042681240394657
104.72742333986594,4.042681240394657
104.72742333986594,-17.857960396534686
106.81659031459264,-17.857960396534686
106.81659031459264,-8.9299794592667
108.89334108247274,-8.9299794592667
108.89334108247274,-9.102561474452285
110.91036809002823,-9.102561474452285
110.91036809002823,-20.990701945700902
112.93962704962884,-20.990701945700902
112.93962704962884,6.6442766471219565
115.0214322494968,6.6442766471219565
115.0214322494968,1.219622578311401
117.11174792621844,1.219622578311401
117.11174792621844,-16.742815272754953
119.15750928492771,-16.742815272754953
119.15750928492771,-29.017443217387665
121.17198560295637,-29.017443217387665
121.17198560295637,-0.9550455696182762
123.23891558253956,-0.9550455696182762
123.23891558253956,12.139342147748524
125.31220874646473,12.139342147748524
125.31220874646473,-10.881338073244432
127.35099063445969,-10.881338073244432
127.35099063445969,-10.301222384138876
129.3521311971141,-10.301222384138876
129.3521311971141,15.407858727409462
131.3618700924576,15.407858727409462
131.3618700924576,-14.713115279904416
133.44359388753412,-14.713115279904416
133.44359388753412,18.974985829190935
135.50763445157182,18.974985829190935
135.50763445157182,29.270745972521127
137.51978483306226,29.270745972521127
137.51978483306226,14.20304556896442
139.52378039526724,14.20304556896442
139.52378039526724,-17.14048097671719
141.61442748568456,-17.14048097671719
141.61442748568456,-11.810782164746493
143.64103492507203,-11.810782164746493
143.64103492507203,7.476017508067537
145.64688599283755,7.476017508067537
145.64688599283755,10.560460775263246
147.6847505422489,10.560460775263246
147.6847505422489,-3.928605185761554
149.68780593592138,-3.928605185761554
149.68780593592138,-4.2931566042705835
151.75049040384803,-4.2931566042705835
151.75049040384803,19.273378182983407
153.76262365102042,19.273378182983407
153.76262365102042,-5.290073424196812
155.83850711805297,-5.290073424196812
155.83850711805297,-18.073281263944235
157.8744599936543,-18.073281263944235
157.8744599936543,12.350659437019155
159.93679573870992,12.350659437019155
159.93679573870992,-15.40687420130482
161.98110053592202,-15.40687420130482
161.98110053592202,-14.81439272792573
164.06546080337668,-14.81439272792573
164.06546080337668,-13.759177479994161
166.07721199902528,-13.759177479994161
166.07721199902528,17.749513329747753
168.1194271187,17.749513329747753
168.1194271187,12.835327834951507
170.12768927467323,12.835327834951507
170.12768927467323,-7.376129890192069
172.15045977543832,-7.376129890192069
172.15045977543832,10.215353034218595
174.16637425324194,10.215353034218595
174.16637425324194,-14.884330213073433
176.2105724442215,-14.884330213073433
176.2105724442215,21.720704458318355
178.224798713338,21.720704458318355
178.224798713338,-11.799936083950277
180.22658273465214,-11.799936083950277
180.22658273465214,26.291907970455622
182.31135930879935,26.291907970455622
182.31135930879935,2.9569712919868443
184.40576563999852,2.9569712919868443
184.40576563999852,4.638115282870235
186.43591551427585,4.638115282870235
186.43591551427585,-6.796392244003695
188.45938466562268,-6.796392244003695
188.45938466562268,-4.95905094996872
190.53042533074807,-4.95905094996872
190.53042533074807,-9.031730514764599
192.5990775415072,-9.031730514764599
192.5990775415072,0.005179567363055707
194.67635183961622,0.005179567363055707
194.67635183961622,5.163283453131877
196.74884556816093,5.163283453131877
196.74884556816093,26.414910026729892
198.83743708056173,26.414910026729892
198.83743708056173,0.40002222266676063
200.89458937480325,0.40002222266676063
200.89458937480325,-0.739984478540845
202.91645605882294,-0.739984478540845
202.91645605882294,-15.03804221113483
204.9181330399041,-15.03804221113483
204.9181330399041,-7.910634342157533
206.98956308790127,-7.910634342157533
206.98956308790127,1.273581821218122
209.03954536262071,1.273581821218122
209.03954536262071,-6.204833396816173
211.0770395406105,-6.204833396816173
211.0770395406105,-22.467545101880656
213.1197375588918,-22.467545101880656
213.1197375588918,22.71916559903489
215.16751896015896,22.71916559903489
215.16751896015896,-7.18402590453738
217.2466364763098,-7.18402590453738
217.2466364763098,27.25974978802753
219.31044729548472,27.25974978802753
219.31044729548472,-14.993565685949827
221.40857291427704,-14.993565685949827
221.40857291427704,2.5534264044506783
223.45252325859994,2.5534264044506783
223.45252325859994,-0.7852644041368999
225.5433809631956,-0.7852644041368999
225.5433809631956,-4.910260017129666
227.55577002204805,-4.910260017129666
227.55577002204805,-1.5185075713517542
229.63894391983968,-1.5185075713517542
229.63894391983968,8.554022203625099
231.70805798441936,8.554022203625099
231.70805798441936,2.2008033858514313
233.72117136235434,2.2008033858514313
233.72117136235434,-4.475696817089979
235.8126668231553,-4.475696817089979
235.8126668231553,-12.133737826043824
237.84964121887361,-12.133737826043824
237.84964121887361,2.527975539589451
239.882669841494,2.527975539589451
239.882669841494,11.31680483302894
241.95530670988708,11.31680483302894
241.95530670988708,6.451681310737992
244.03484265575898,6.451681310737992
244.03484265575898,9.779498313389766
246.08148486793274,9.779498313389766
246.08148486793274,16.045633244186213
248.12545867842374,16.045633244186213
248.12545867842374,-9.284232618875812
250.21777458470748,-9.284232618875812
250.21777458470748,8.101868333224399
252.2596321422077,8.101868333224399
252.2596321422077,-6.283943957099344
254.32277968213242,-6.283943957099344
254.32277968213242,-18.711607743142775
256.3959541607472,-18.711607743142775
256.3959541607472,-4.703077834380004
258.4932772332468,-4.703077834380004
258.4932772332468,7.21170861285432
260.5080038140663,7.21170861285432
260.5080038140663,-1.6660974364073025
262.54950333518445,-1.6660974364073025
262.54950333518445,22.710517211874134
264.6084001936068,22.710517211874134
264.6084001936068,2.558901509368422
266.61800255401135,2.558901509368422
266.61800255401135,37.3475135250297
268.6561967620951,37.3475135250297
268.6561967620951,-2.3808369129525273
270.75015039135826,-2.3808369129525273
270.75015039135826,-5.031691721303699
272.7907927032443,-5.031691721303699
272.7907927032443,-2.0585739511959704
274.83043474489506,-2.0585739511959704
274.83043474489506,14.475317257842537
276.86215452756454,14.475317257842537
276.86215452756454,-2.0935492943989824
278.9600601529583,-2.0935492943989824
278.9600601529583,4.5579466900720575
281.0599947728474,4.5579466900720575
281.0599947728474,6.080851113540608
283.0990679285052,6.080851113540608
283.0990679285052,-13.222168618520561
285.1025021616868,-13.222168618520561
285.1025021616868,-0.27674777905186954
287.17853706697207,-0.27674777905186954
287.17853706697207,-28.19100378211111
289.23458999241024,-28.19100378211111
289.23458999241024,5.822625004196166
291.28497514508035,5.822625004196166
291.28497514508035,12.425859884776065
293.3177153258572,12.425859884776065
293.3177153258572,17.362350210540914
295.3215117445673,17.362350210540914
295.3215117445673,16.714557121079025
297.4206102515353,16.714557121079025
297.4206102515353,15.007053046516175
299.463522673355,15.007053046516175
299.463522673355,-13.420483105334554
301.4749691014913,-13.420483105334554
301.4749691014913,-13.896618028993881
303.5244739342288,-13.896618028993881
303.5244739342288,-7.092797087572247
305.5965874534127,-7.092797087572247
305.5965874534127,9.226706201271204
307.63238720489045,9.226706201271204
307.63238720489045,2.3698895288339745
309.7147535847728,2.3698895288339745
309.7147535847728,6.164635639633023
311.75568977600363,6.164635639633023
311.75568977600363,4.017630680377021
313.76974080439163,4.017630680377021
313.76974080439163,-9.153979221072492
315.839717257964,-9.153979221072492
315.839717257964,-0.42854549836547523
317.86372994457935,-0.42854549836547523
317.86372994457935,7.346354114098182
319.9083995822943,7.346354114098182
319.9083995822943,-0.6360659076423943
321.94627336795725,-0.6360659076423943
321.94627336795725,11.869156574431104
324.01816582289854,11.869156574431104
324.01816582289854,0.08505895684335132
326.0213821495548,0.08505895684335132
326.0213821495548,12.362056520691006
328.0917146961767,12.362056520691006
328.0917146961767,-1.2093549698485613
330.1809755017842,-1.2093549698485613
330.1809755017842,-8.47810134596496
332.20942168085526,-8.47810134596496
332.20942168085526,16.72488617710024
334.2491565711444,16.72488617710024
334.2491565711444,8.712237650747735
336.27167737019494,8.712237650747735
336.27167737019494,-18.707319756314956
338.34282511672063,-18.707319756314956
338.34282511672063,0.2325607433042228
340.3718920390271,0.2325607433042228
340.3718920390271,-14.342104242753626
342.40078115923467,-14.342104242753626
342.40078115923467,-17.19379004643373
344.40686932279897,-17.19379004643373
344.40686932279897,-19.48845165685264
346.5026076911347,-19.48845165685264
346.5026076911347,-1.4821429928248213
348.5671978945351,-1.4821429928248213
348.5671978945351,17.83387804146377
350.57057437523974,17.83387804146377
350.57057437523974,10.023886288674834
352.63363597397506,10.023886288674834
352.63363597397506,-19.97080777848075
354.6912630300954,-19.97080777848075
354.6912630300954,1.9316609318155147
356.7372945649411,1.9316609318155147
356.7372945649411,13.581528549907725
358.7663189592172,13.581528549907725
358.7663189592172,13.137336304289411
360.0,13.137336304289411
# Sen15.sensor_w #8
0.0,0.0
2.0353248779593236,0.0
2.0353248779593236,6.4203979272940686
4.099772715391375,6.4203979272940686
4.099772715391375,3.3553894736007046
6.14294490116626,3.3553894736007046
6.14294490116626,-24.2717374152268
8.232523027548353,-24.2717374152268
8.232523027548353,10.58644890365972
10.302940732804068,10.58644890365972
10.302940732804068,5.257563036442757
12.381815040490412,5.257563036442757
12.381815040490412,8.059328316162828
14.456092222361601,8.059328316162828
14.456092222361601,8.565344243975305
16.498494013785514,8.565344243975305
16.498494013785514,25.01092390229816
18.568750013384665,25.01092390229816
18.568750013384665,0.5885814504876586
20.583419160565082,0.5885814504876586
20.583419160565082,16.406097016198085
22.605557438052937,16.406097016198085
22.605557438052937,-24.96228399600325
24.69499323637872,-24.96228399600325
24.69499323637872,44.49854017052882
26.750257237462307,44.49854017052882
26.750257237462307,-7.336842549280607
28.824079431181943,-7.336842549280607
28.824079431181943,-10.775169705672502
30.90257787037532,-10.775169705672502
30.90257787037532,18.691024125905173
32.95466465269109,18.691024125905173
32.95466465269109,20.152182631092025
34.98549010519766,20.152182631092025
34.98549010519766,1.2452910844416196
37.06207952887691,1.2452910844416196
37.06207952887691,5.9060490587400345
39.112617971673025,5.9060490587400345
39.112617971673025,-16.223322685207147
41.14239778194519,-16.223322685207147
41.14239778194519,-7.955654085760962
43.142898801708974,-7.955654085760962
43.142898801708974,-0.5903440842728288
45.20151388756572,-0.5903440842728288
45.20151388756572,22.060617961002578
47.22543041438336,22.060617961002578
47.22543041438336,-7.55210869480628
49.24457878671476,-7.55210869480628
49.24457878671476,-26.674519444222636
51.26618629115627,-26.674519444222636
51.26618629115627,31.435616327540572
53.31461645703498,31.435616327540572
53.31461645703498,11.029640392283989
55.33368088767136,11.029640392283989
55.33368088767136,3.8455440492485775
57.371138879994554,3.8455440492485775
57.371138879994554,-0.30590977749591963
59.41835389933921,-0.30590977749591963
59.41835389933921,-13.022437054088359
61.42064942596855,-13.022437054088359
61.42064942596855,-1.8420887915574309
63.5168059165886,-1.8420887915574309
63.5168059165886,25.793426674623625
65.61581322558698,25.793426674623625
65.61581322558698,10.858125639752126
67.6635330945373,10.858125639752126
67.6635330945373,3.345225299448646
69.71453242504694,3.345225299448646
69.71453242504694,-5.369729127477731
71.71490640547306,-5.369729127477731
71.71490640547306,-7.640250345604924
73.77428790796718,-7.640250345604924
73.77428790796718,-17.243454677789753
75.80999488444695,-17.243454677789753
75.80999488444695,-9.51689236957652
77.89992216243274,-9.51689236957652
77.89992216243274,7.412024555247621
79.98135423976939,7.412024555247621
79.98135423976939,1.3889531971294011
82.02827051135246,1.3889531971294011
82.02827051135246,-13.441759549741613
84.03419522151808,-13.441759549741613
84.03419522151808,16.269729168740206
86.03982049520107,16.269729168740206
86.03982049520107,20.163695163852253
88.13233419067983,20.163695163852253
88.13233419067983,-10.722943841303527
90.20974211881301,-10.722943841303527
90.20974211881301,17.479492613424757
92.28448631357581,17.479492613424757
92.28448631357581,-17.16664535136813
94.3215649235452,-17.16664535136813
94.3215649235452,-14.47175365545865
96.37235526856195,-14.47175365545865
96.37235526856195,-11.866927968375554
98.45477703888984,-11.866927968375554
98.45477703888984,31.196866638844675
100.46500575009883,31.196866638844675
100.46500575009883,-12.69186564281843
102.55625356003081,-12.69186564281843
102.55625356003081,3.987924561884426
104.58825843236835,3.987924561884426
104.58825843236835,8.63890903513562
106.68430069358607,8.63890903513562
106.68430069358607,8.634953404667101
108.71238153359249,8.634953404667101
108.71238153359249,7.021473129328804
110.74632059697844,7.021473129328804
110.74632059697844,10.445668371244556
112.79654790073242,10.445668371244556
112.79654790073242,0.6092706696113547
114.83925662466592,0.6092706696113547
114.83925662466592,-24.527094033718097
116.89739254128443,-24.527094033718097
116.89739254128443,-13.165185201690745
118.97788399317133,-13.165185201690745
118.97788399317133,9.09323081228829
120.98061447524287,9.09323081228829
120.98061447524287,-24.49831608115188
122.98821774305587,-24.49831608115188
122.98821774305587,-0.16039543342332782
125.01399806836886,-0.16039543342332782
125.01399806836886,-3.3140402853383195
127.07624209379061,-3.3140402853383195
127.07624209379061,14.031422594590262
129.1459189919077,14.031422594590262
129.1459189919077,14.352754468132172
131.17452343488807,14.352754468132172
131.17452343488807,-10.165629693539891
133.22983472244505,-10.165629693539891
133.22983472244505,19.189858459529443
135.31255552964024,19.189858459529443
135.31255552964024,6.570291210335646
137.34113449702113,6.570291210335646
137.34113449702113,-28.672273032058417
139.394699150101,-28.672273032058417
139.394699150101,-0.48055121764538833
141.41778152555747,-0.48055121764538833
141.41778152555747,14.95806143697538
143.5027541591208,14.95806143697538
143.5027541591208,-18.46838407066485
145.59919170508238,-18.46838407066485
145.59919170508238,-8.107642747304798
147.59923295040218,-8.107642747304798
147.59923295040218,16.008896801432524
149.63480914057294,16.008896801432524
149.63480914057294,16.910489548969842
151.67980087871544,16.910489548969842
151.67980087871544,-18.45700909605304
153.74869267649177,-18.45700909605304
153.74869267649177,2.6853000279597636
155.75274318167624,2.6853000279597636
155.75274318167624,-20.864240713767632
157.8370064665065,-20.864240713767632
157.8370064665065,-8.673644142413176
159.85650797704827,-8.673644142413176
159.85650797704827,-5.130330717406532
161.87772441144432,-5.130330717406532
161.87772441144432,-1.8936487001167965
163.89341352781133,-1.8936487001167965
163.89341352781133,-15.220413465314689
165.9595449690831,-15.220413465314689
165.9595449690831,29.305186735761648
167.96246404837652,29.305186735761648
167.96246404837652,-18.155306551361384
170.00664275331476,-18.155306551361384
170.00664275331476,3.1320343690023487
172.0845640869909,3.1320343690023487
172.0845640869909,-14.801337125324151
174.0903966593653,-14.801337125324151
174.0903966593653,-17.778549354942015
176.12168378097496,-17.778549354942015
176.12168378097496,13.21409172138467
178.17588356689186,13.21409172138467
178.17588356689186,-8.290831457558067
180.22405645751948,-8.290831457558067
180.22405645751948,7.016518601738374
182.25244366497023,7.016518601738374
182.25244366497023,-10.410901602899468
184.33047968586982,-10.410901602899468
184.33047968586982,-10.748838354444963
186.42061696083118,-10.748838354444963
186.42061696083118,-5.903709562363274
188.49520769949078,-5.903709562363274
188.49520769949078,-11.76516666546576
190.59222407163804,-11.76516666546576
190.59222407163804,-26.07001501750682
192.6204959616155,-26.07001501750682
192.6204959616155,-12.717485752728914
194.6541164033204,-12.717485752728914
194.6541164033204,-29.10998234024107
196.73822927359132,-29.10998234024107
196.73822927359132,19.91124100471866
198.79916784835044,19.91124100471866
198.79916784835044,4.359779324172786
200.86755942203004,4.359779324172786
200.86755942203004,-11.32241684132914
202.94177420468557,-11.32241684132914
202.94177420468557,5.540621206691286
205.0233514157887,5.540621206691286
205.0233514157887,7.71900635919639
207.04551333184992,7.71900635919639
207.04551333184992,-20.483958972848715
209.10562521083645,-20.483958972848715
209.10562521083645,-0.7554396998148025
211.1626518420158,-0.7554396998148025
211.1626518420158,9.62827572628862
213.22284056273477,9.62827572628862
213.22284056273477,-27.305569784478728
215.28604737232618,-27.305569784478728
215.28604737232618,33.06204626269965
217.30417045081202,33.06204626269965
217.30417045081202,3.085652050786993
219.33199669039968,3.085652050786993
219.33199669039968,18.527158696932894
221.37706581029514,18.527158696932894
221.37706581029514,-23.7883120737557
223.4482396688239,-23.7883120737557
223.4482396688239,6.678432343193978
225.53299540478218,6.678432343193978
225.53299540478218,13.996171883469037
227.58953467990676,13.996171883469037
227.58953467990676,-5.681897889039759
229.6628606136311,-5.681897889039759
229.6628606136311,-8.693465822325155
231.76250337891767,-8.693465822325155
231.76250337891767,-13.656421219547436
233.82161331264484,-13.656421219547436
233.82161331264484,-19.74533745214624
235.82545249687215,-19.74533745214624
235.82545249687215,-4.593931976728141
237.85544297594274,-4.593931976728141
237.85544297594274,8.62001458647043
239.93492857522017,8.62001458647043
239.93492857522017,8.941675829729137
241.94275336066863,8.941675829729137
241.94275336066863,1.2159119796867601
243.99085493992675,1.2159119796867601
243.99085493992675,5.294490667807763
246.01788822725996,5.294490667807763
246.01788822725996,36.99061493523909
248.10807911944593,36.99061493523909
248.10807911944593,-8.237169442248092
250.14592343353618,-8.237169442248092
250.14592343353618,-2.0095122717794993
252.22835346817644,-2.0095122717794993
252.22835346817644,-23.099072529484744
254.24668132838454,-23.099072529484744
254.24668132838454,-22.276495204046146
256.29535856504117,-22.276495204046146
256.29535856504117,9.420450630759893
258.3648121201666,9.420450630759893
258.3648121201666,-17.01124100010912
260.3887292641918,-17.01124100010912
260.3887292641918,10.702391346631856
262.46138107257514,10.702391346631856
262.46138107257514,3.580739412091118
264.5066911954445,3.580739412091118
264.5066911954445,12.523878823452911
266.56244080654176,12.523878823452911
266.56244080654176,8.800797709886572
268.58347227970006,8.800797709886572
268.58347227970006,3.5094310658605083
270.6231985415587,3.5094310658605083
270.6231985415587,-10.679441235281287
272.6827363949242,-10.679441235281287
272.6827363949242,-28.911691205863008
274.7396091264465,-28.911691205863008
274.7396091264465,9.797790142468648
276.81409431133903,9.797790142468648
276.81409431133903,12.369616651235328
278.8953674451119,12.369616651235328
278.8953674451119,18.57016002463057
280.9224107917411,18.57016002463057
280.9224107917411,0.2560454276221599
282.9668866911907,0.2560454276221599
282.9668866911907,6.116643645512968
285.0265104130825,6.116643645512968
285.0265104130825,32.67941462372477
287.11379716855487,32.67941462372477
287.11379716855487,-8.183063482834353
289.20220971769976,-8.183063482834353
289.20220971769976,13.158535150514206
291.20412180746337,13.158535150514206
291.20412180746337,9.469937978070645
293.2382206240615,9.469937978070645
293.2382206240615,1.039486556568326
295.27316322075495,1.039486556568326
295.27316322075495,1.5823974831665617
297.2952432548727,1.5823974831665617
297.2952432548727,12.005770241169325
299.3860475459698,12.005770241169325
299.3860475459698,18.60350386514792
301.465462425398,18.60350386514792
301.465462425398,3.556569701390611
303.5006087396767,3.556569701390611
303.5006087396767,-21.656961733356702
305.51941253637256,-21.656961733356702
305.51941253637256,18.317644588704596
307.5535826037299,18.317644588704596
307.5535826037299,2.031954289348263
309.61044492871724,2.031954289348263
309.61044492871724,4.954959442864569
311.61843142308084,4.954959442864569
311.61843142308084,13.5106566610486
313.635498783121,13.5106566610486
313.635498783121,-7.767839157463722
315.67402144148605,-7.767839157463722
315.67402144148605,-5.458153037268524
317.7319971698073,-5.458153037268524
317.7319971698073,17.072482757423632
319.76674318896295,17.072482757423632
319.76674318896295,4.081673085849598
321.7971418011233,4.081673085849598
321.7971418011233,0.2983953653445669
323.8221209513957,0.2983953653445669
323.8221209513957,29.37618491117135
325.83393502200545,29.37618491117135
325.83393502200545,-11.048528266467413
327.8892752890485,-11.048528266467413
327.8892752890485,28.71900366722314
329.98687070420334,28.71900366722314
329.98687070420334,-16.004717673065617
332.0361998498876,-16.004717673065617
332.0361998498876,-16.25263322687018
334.0632912639736,-16.25263322687018
334.0632912639736,7.322340415360404
336.1577621561011,7.322340415360404
336.1577621561011,3.636618018542128
338.2439531217788,3.636618018542128
338.2439531217788,-32.474544903089026
340.25656200456405,-32.474544903089026
340.25656200456405,-12.492669250518093
342.31265250397524,-12.492669250518093
342.31265250397524,-10.188899801991592
344.33299751433077,-10.188899801991592
344.33299751433077,-19.652389015506685
346.427567326875,-19.652389015506685
346.427567326875,-11.486085814958454
348.51676470482187,-11.486085814958454
348.51676470482187,-5.68146602871601
350.5917827658272,-5.68146602871601
350.5917827658272,15.835544945155313
352.60636736198,15.835544945155313
352.60636736198,-13.135893166182832
354.66788930605213,-13.135893166182832
354.66788930605213,1.9287637478975028
356.67876025825836,1.9287637478975028
356.67876025825836,-1.8567298156053198
358.7395765445769,-1.8567298156053198
358.7395765445769,6.785967708179438
360.0,6.785967708179438
# Sen15.sensor_w #9
0.0,0.0
2.067830001388179,0.0
2.067830001388179,-7.385067167886537
4.105792058476001,-7.385067167886537
4.105792058476001,-2.4660392958134336
6.195695584904525,-2.4660392958134336
6.195695584904525,5.331222957808991
8.25616183004889,5.331222957808991
8.25616183004889,12.58922097856626
10.265430834270889,12.58922097856626
10.265430834270889,-1.3382746663506215
12.282858381593469,-1.3382746663506215
12.282858381593469,-0.38892660007379115
14.327158040807179,-0.38892660007379115
14.327158040807179,-9.79472982874463
16.37607528958243,-9.79472982874463
16.37607528958243,-3.3123349577922716
18.41645364034697,-3.3123349577922716
18.41645364034697,-21.047961270418742
20.4336676374987,-21.047961270418742
20.4336676374987,-19.450357248344606
22.518459675977855,-19.450357248344606
22.518459675977855,0.7419543748468769
24.581745001161128,0.7419543748468769
24.581745001161128,-1.3232614949711508
26.676093474374746,-1.3232614949711508
26.676093474374746,3.7788642041630633
28.713987321890578,3.7788642041630633
28.713987321890578,1.4645095039498042
30.71993656309293,1.4645095039498042
30.71993656309293,-9.685220075297728
32.771756246175045,-9.685220075297728
32.771756246175045,-11.42857589597923
34.833288215008956,-11.42857589597923
34.833288215008956,39.24030581179502
36.915348294623946,39.24030581179502
36.915348294623946,-11.082186709465999
39.00970093691032,-11.082186709465999
39.00970093691032,9.187254948692447
41.04827497638075,9.187254948692447
41.04827497638075,28.423486868977793
43.11533707678305,28.423486868977793
43.11533707678305,7.240803202087192
45.16773485723417,7.240803202087192
45.16773485723417,-13.006742090252056
47.20910232526616,-13.006742090252056
47.20910232526616,17.58869321516831
49.22962540295809,17.58869321516831
49.22962540295809,-5.2843716811533055
51.242058219885436,-5.2843716811533055
51.242058219885436,-19.282474262932944
53.2421280862149,-19.282474262932944
53.2421280862149,-18.003681973164163
55.3217774350746,-18.003681973164163
55.3217774350746,5.975857863945673
57.40338579161896,5.975857863945673
57.40338579161896,-24.158427520245507
59.469015766977016,-24.158427520245507
59.469015766977016,19.079914154231854
61.47230569722008,19.079914154231854
61.47230569722008,-1.637587813693371
63.548001588628075,-1.637587813693371
63.548001588628075,8.98530430238471
65.62520214275322,8.98530430238471
65.62520214275322,-8.524834975977022
67.65853454842171,-8.524834975977022
67.65853454842171,-12.175204149272716
69.68262761311126,-12.175204149272716
69.68262761311126,-5.246246027216607
71.69112153785744,-5.246246027216607
71.69112153785744,-8.382491715073714
73.71460913267416,-8.382491715073714
73.71460913267416,-18.822719734342485
75.74964805488894,-18.822719734342485
75.74964805488894,37.008716610543836
77.77674225276743,37.008716610543836
77.77674225276743,-30.00072968980073
79.8006062625628,-30.00072968980073
79.8006062625628,-20.37892415588469
81.83345426350859,-20.37892415588469
81.83345426350859,3.5356380579646585
83.93306286425867,3.5356380579646585
83.93306286425867,-1.0691926276113644
85.94736911938588,-1.0691926276113644
85.94736911938588,2.070365865469755
87.96351753829612,2.070365865469755
87.96351753829612,-2.055079720864549
89.9967254471974,-2.055079720864549
89.9967254471974,-19.631617117276548
92.04178835940625,-19.631617117276548
92.04178835940625,-13.487031385037524
94.10756640026416,-13.487031385037524
94.10756640026416,-15.146085356068307
96.14470719107953,-15.146085356068307
96.14470719107953,9.128884897197912
98.15446720665372,9.128884897197912
98.15446720665372,-16.672000482879973
100.22045041234594,-16.672000482879973
100.22045041234594,-18.42055808136025
102.25244033176337,-18.42055808136025
102.25244033176337,-2.134536040837967
104.27931241167583,-2.134536040837967
104.27931241167583,-6.894026583542623
106.28789487043727,-6.894026583542623
106.28789487043727,-1.9311815181783034
108.31893468245718,-1.9311815181783034
108.31893468245718,12.348390050091938
110.36587466770162,12.348390050091938
110.36587466770162,3.332167150614618
112.43974822959593,3.332167150614618
112.43974822959593,3.372031882377369
114.45064424504248,3.372031882377369
114.45064424504248,-0.054989946908252166
116.45905556704096,-0.054989946908252166
116.45905556704096,22.375399118731593
118.49461060115053,22.375399118731593
118.49461060115053,1.6092175851388149
120.57565663116891,1.6092175851388149
120.57565663116891,-13.32076866621157
122.58352226572941,-13.32076866621157
122.58352226572941,-3.535421718872293
124.67394427149446,-3.535421718872293
124.67394427149446,0.5986391665639355
126.6822247164079,0.5986391665639355
126.6822247164079,-7.751883050427776
128.70439485094843,-7.751883050427776
128.70439485094843,-20.269203612101887
130.80227338127509,-20.269203612101887
130.80227338127509,-28.413681638525635
132.81105679202065,-28.413681638525635
132.81105679202065,-6.38485893244153
134.87532301881717,-6.38485893244153
134.87532301881717,-1.769230441553504
136.93842537626944,-1.769230441553504
136.93842537626944,-21.634304254051248
138.9642639365311,-21.634304254051248
138.9642639365311,9.829660596159751
140.9893283181388,9.829660596159751
140.9893283181388,6.773402433404855
143.03999081378552,6.773402433404855
143.03999081378552,4.547729198159842
145.04066698452195,4.547729198159842
145.04066698452195,-3.320176043990597
147.04822265607027,-3.320176043990597
147.04822265607027,16.15605766739279
149.1040250487162,16.15605766739279
149.1040250487162,-11.703641098760887
151.2025411080599,-11.703641098760887
151.2025411080599,-8.137281154615815
153.28013889225957,-8.137281154615815
153.28013889225957,-3.378319451817126
155.3344885255192,-3.378319451817126
155.3344885255192,1.6471493304062674
157.3357145601166,1.6471493304062674
157.3357145601166,5.384469328487152
159.38253832945864,5.384469328487152
159.38253832945864,-5.574551271924196
161.47226020528402,-5.574551271924196
161.47226020528402,-5.5205560017494415
163.52826747486228,-5.5205560017494415
163.52826747486228,7.600799563533518
165.60125266023886,7.600799563533518
165.60125266023886,-5.821484490985599
167.67641089728065,-5.821484490985599
167.67641089728065,6.877724647520158
169.7533812747049,6.877724647520158
169.7533812747049,11.106624281192857
171.80852129262968,11.106624281192857
171.80852129262968,-11.125875547825872
173.90790373533034,-11.125875547825872
173.90790373533034,23.816187665248407
175.99735310751527,23.816187665248407
175.99735310751527,4.928981071083903
178.0363168170307,4.928981071083903
178.0363168170307,-2.8872432241766512
180.11603410897436,-2.8872432241766512
180.11603410897436,-6.42938629621575
182.1483759748901,-6.42938629621575
182.1483759748901,-3.9459303854957333
184.187297837954,-3.9459303854957333
184.187297837954,-9.083510313793942
186.199791247791,-9.083510313793942
186.199791247791,19.666619329420154
188.206142584814,19.666619329420154
188.206142584814,24.428926784668572
190.28036241722222,24.428926784668572
190.28036241722222,3.5921732513172
192.28140194017826,3.5921732513172
192.28140194017826,38.911075327915704
194.3091623348628,38.911075327915704
194.3091623348628,14.22417822111545
196.3235167091224,14.22417822111545
196.3235167091224,6.286663288191984
198.41128549190847,6.286663288191984
198.41128549190847,-5.351240137131391
200.41955570072534,-5.351240137131391
200.41955570072534,-8.026057700536418
202.50777134686874,-8.026057700536418
202.50777134686874,-2.8176876339418504
204.60287425129246,-2.8176876339418504
204.60287425129246,4.885938488869279
206.62879253099783,4.885938488869279
206.62879253099783,-32.04791931121956
208.68785990384126,-32.04791931121956
208.68785990384126,-7.251548983155932
210.72796661952216,-7.251548983155932
210.72796661952216,6.191177512549951
212.7588783037682,6.191177512549951
212.7588783037682,-16.063689632413073
214.7766520829005,-16.063689632413073
214.7766520829005,4.377092491924527
216.85035069385253,4.377092491924527
216.85035069385253,-5.937877654707408
218.9404324221202,-5.937877654707408
218.9404324221202,8.249957994404076
221.00231152175814,8.249957994404076
221.00231152175814,23.99454294214826
223.05887185568457,23.99454294214826
223.05887185568457,-7.8787553397150765
225.13504608191514,-7.8787553397150765
225.13504608191514,-1.390228125810035
227.22412054851748,-1.390228125810035
227.22412054851748,-3.4599644647507195
229.2820383061508,-3.4599644647507195
229.2820383061508,12.973588820930852
231.29357120952025,12.973588820930852
231.29357120952025,-4.239868759430447
233.3688264712317,-4.239868759430447
233.3688264712317,-12.80667251053479
235.46555611964152,-12.80667251053479
235.46555611964152,5.036115412967411
237.49269653270312,5.036115412967411
237.49269653270312,-2.132742247140547
239.58688303058352,-2.132742247140547
239.58688303058352,-16.667570503916707
241.59414957813755,-16.667570503916707
241.59414957813755,-36.74301171529474
243.6106320420356,-36.74301171529474
243.6106320420356,-21.722077282765156
245.64191876150022,-21.722077282765156
245.64191876150022,16.083298130883104
247.65190100468044,16.083298130883104
247.65190100468044,10.058885546603486
249.69179957484164,10.058885546603486
249.69179957484164,0.8730216762679024
251.74374419368638,0.8730216762679024
251.74374419368638,-31.238158928144667
253.81608006870434,-31.238158928144667
253.81608006870434,10.380151164455008
255.84824876035375,10.380151164455008
255.84824876035375,3.746430308661957
257.88578214649897,3.746430308661957
257.88578214649897,4.273449449675455
259.96995122168374,4.273449449675455
259.96995122168374,-28.54129342822186
262.01355339385043,-28.54129342822186
262.01355339385043,-2.667992790448663
264.0542511438111,-2.667992790448663
264.0542511438111,8.360259430174503
266.07068192485696,8.360259430174503
266.07068192485696,13.902821371709749
268.15737685494,13.902821371709749
268.15737685494,-5.760406940669069
270.2096202775641,-5.760406940669069
270.2096202775641,5.1853296355694
272.30791851429217,5.1853296355694
272.30791851429217,20.371226973993032
274.3940378345237,20.371226973993032
274.3940378345237,7.758349932044035
276.4085456080194,7.758349932044035
276.4085456080194,-13.984957701087572
278.45906845915067,-13.984957701087572
278.45906845915067,-5.569287986172281
280.465221370449,-5.569287986172281
280.465221370449,4.257075730678686
282.51098015684767,4.257075730678686
282.51098015684767,-16.308309468899285
284.56769938111944,-16.308309468899285
284.56769938111944,7.989413786246228
286.5714921486235,7.989413786246228
286.5714921486235,-1.9933474022823725
288.5847727598065,-1.9933474022823725
288.5847727598065,-2.8573627703941327
290.68053377113984,-2.8573627703941327
290.68053377113984,15.50669971216445
292.6848620921539,15.50669971216445
292.6848620921539,-10.739842425924593
294.7761788474011,-10.739842425924593
294.7761788474011,-7.708564351786143
296.8126367462651,-7.708564351786143
296.8126367462651,11.630372544502578
298.88552794414505,11.630372544502578
298.88552794414505,-17.967215617096524
300.94395058557603,-17.967215617096524
300.94395058557603,17.650819257979332
303.01611265323083,17.650819257979332
303.01611265323083,-5.436753758696835
305.02988373792545,-5.436753758696835
305.02988373792545,-27.61534062144976
307.04529518612514,-27.61534062144976
307.04529518612514,-8.953624835767123
309.1364432223977,-8.953624835767123
309.1364432223977,12.07504458028443
311.2029172255928,12.07504458028443
311.2029172255928,-14.011558901260821
313.20850676654794,-14.011558901260821
313.20850676654794,0.8172651022060057
315.2473779724259,0.8172651022060057
315.2473779724259,8.332650064572878
317.2795749856793,8.332650064572878
317.2795749856793,-11.221034204370094
319.32161983339444,-11.221034204370094
319.32161983339444,-2.9816665211177735
321.37123811961413,-2.9816665211177735
321.37123811961413,8.70654840796627
323.4344246543641,8.70654840796627
323.4344246543641,-22.97237118414013
325.48846142309986,-22.97237118414013
325.48846142309986,-11.094198396850533
327.49326083247394,-11.094198396850533
327.49326083247394,3.978482751576381
329.5544881243569,3.978482751576381
329.5544881243569,-19.57680625674166
331.6245114155195,-19.57680625674166
331.6245114155195,-16.12073364063706
333.67479397132985,-16.12073364063706
333.67479397132985,1.4919102780096198
335.70161136013957,1.4919102780096198
335.70161136013957,-24.353483190773304
337.7950262369129,-24.353483190773304
337.7950262369129,19.609539007478226
339.8167470782308,19.609539007478226
339.8167470782308,-1.211742955070317
341.8661550679725,-1.211742955070317
341.8661550679725,15.860981203787398
343.94497921179254,15.860981203787398
343.94497921179254,-6.9271033979536
346.01363187231084,-6.9271033979536
346.01363187231084,41.097057866562885
348.0423615219443,41.097057866562885
348.0423615219443,6.330806416893555
350.1391313782031,6.330806416893555
350.1391313782031,7.1072175697826525
352.1937696965887,7.1072175697826525
352.1937696965887,24.845378951465708
354.21967858029666,24.845378951465708
354.21967858029666,-31.220110123762055
356.2537245853244,-31.220110123762055
356.2537245853244,2.8076395074571634
358.33462281354434,2.8076395074571634
358.33462281354434,10.1643664747532
360.0,10.1643664747532
# Sen15.sensor_w #10
0.0,0.0
2.0043208228191363,0.0
2.0043208228191363,-2.7786321607502464
4.072588822941803,-2.7786321607502464
4.072588822941803,9.39693734631061
6.098558711910188,9.39693734631061
6.098558711910188,0.802352154609278
8.1762279437825,0.802352154609278
8.1762279437825,4.282183653370333
10.186040360384418,4.282183653370333
10.186040360384418,2.6849103584753387
12.265178826636529,2.6849103584753387
12.265178826636529,1.8546976755782125
14.334732533662393,1.8546976755782125
14.334732533662393,8.344238490041919
16.43104756123644,8.344238490041919
16.43104756123644,9.922542741977168
18.46164019520655,9.922542741977168
18.46164019520655,11.47686996026273
20.499388621684933,11.47686996026273
20.499388621684933,-15.178299805372045
22.50155214817063,-15.178299805372045
22.50155214817063,-14.376534247648605
24.571562998324186,-14.376534247648605
24.571562998324186,-13.978243735141469
26.60666155957363,-13.978243735141469
26.60666155957363,7.880310796085494
28.694454389180713,7.880310796085494
28.694454389180713,-13.328098820483994
30.695515404221347,-13.328098820483994
30.695515404221347,23.565723640209168
32.73447228396587,23.565723640209168
32.73447228396587,25.588490040635122
34.795767747610334,25.588490040635122
34.795767747610334,14.108877702718424
36.89243325819797,14.108877702718424
36.89243325819797,-2.86246437552534
38.95816519100292,-2.86246437552534
38.95816519100292,-19.301937909881595
40.99700395412528,-19.301937909881595
40.99700395412528,-17.123381729743134
43.00905372753062,-17.123381729743134
43.00905372753062,1.925179010523317
45.0647791582977,1.925179010523317
45.0647791582977,-2.062459729355801
47.10937700880486,-2.062459729355801
47.10937700880486,13.971157673862702
49.11258854473739,13.971157673862702
49.11258854473739,3.311734365285314
51.17213855179759,3.311734365285314
51.17213855179759,26.700513128826014
53.1863861810536,26.700513128826014
53.1863861810536,-30.116301763394887
55.18948119805466,-30.116301763394887
55.18948119805466,17.702637108193706
57.21052627748049,17.702637108193706
57.21052627748049,-1.573273891531544
59.22410807086763,-1.573273891531544
59.22410807086763,5.470839931378486
61.292974206227086,5.470839931378486
61.292974206227086,-26.21748432949912
63.30039510592283,-26.21748432949912
63.30039510592283,2.890432104476348
65.39102564761679,2.890432104476348
65.39102564761679,8.250883501719253
67.4903331924468,8.250883501719253
67.4903331924468,13.840920339012795
69.56724548954558,13.840920339012795
69.56724548954558,36.407721435677715
71.61793111985064,36.407721435677715
71.61793111985064,33.9784547868192
73.64237718033574,33.9784547868192
73.64237718033574,-12.792394242984429
75.72095458128993,-12.792394242984429
75.72095458128993,-5.9732646076690346
77.76070416399973,-5.9732646076690346
77.76070416399973,-2.2878227242611446
79.82096791334743,-2.2878227242611446
79.82096791334743,-12.102747183103734
81.84715681982192,-12.102747183103734
81.84715681982192,8.163794424886525
83.92624631701457,8.163794424886525
83.92624631701457,-3.6883116512538243
85.93088010934126,-3.6883116512538243
85.93088010934126,-16.660274870854995
87.98619286620925,-16.660274870854995
87.98619286620925,-3.703953911041298
89.99888929431717,-3.703953911041298
89.99888929431717,1.8778865926406259
92.00196967025201,1.8778865926406259
92.00196967025201,-4.739311892773297
94.05671668211367,-4.739311892773297
94.05671668211367,-32.82826030274766
96.11883027900836,-32.82826030274766
96.11883027900836,3.0807333592828643
98.19506708694331,3.0807333592828643
98.19506708694331,27.056442777094958
100.20580806428266,27.056442777094958
100.20580806428266,-6.988304716346672
102.22904794948332,-6.988304716346672
102.22904794948332,-9.442849433169368
104.24248537361743,-9.442849433169368
104.24248537361743,7.261099752887979
106.26603826120142,7.261099752887979
106.26603826120142,30.222160820714453
108.31602405266472,30.222160820714453
108.31602405266472,2.465444367742631
110.3717868372729,2.465444367742631
110.3717868372729,1.9569144498458035
112.37599512123734,1.9569144498458035
112.37599512123734,1.7089770891120741
114.40358948238882,1.7089770891120741
114.40358948238882,8.898788831726824
116.50225602376499,8.898788831726824
116.50225602376499,-22.701209358590507
118.59487412525189,-22.701209358590507
118.59487412525189,10.100098026717239
120.61596485390386,10.100098026717239
120.61596485390386,15.768378342064967
122.62468386592859,15.768378342064967
122.62468386592859,0.4584509870669986
124.66638555576823,0.4584509870669986
124.66638555576823,-0.047203563897213405
126.76212221449526,-0.047203563897213405
126.76212221449526,3.735496178925519
128.77418106087705,3.735496178925519
128.77418106087705,-15.47839978029575
130.80301879675804,-15.47839978029575
130.80301879675804,2.401030022851964
132.88754265152164,2.401030022851964
132.88754265152164,-3.0013041405213587
134.8947066907049,-3.0013041405213587
134.8947066907049,-14.171157481029939
136.9626061541194,-14.171157481029939
136.9626061541194,0.8958458008483681
139.0326241559421,0.8958458008483681
139.0326241559421,-6.0231341359239305
141.1258940226932,-6.0231341359239305
141.1258940226932,14.156283198379695
143.19357926978296,14.156283198379695
143.19357926978296,-8.73955036920155
145.26881814358907,-8.73955036920155
145.26881814358907,0.5897437079578722
147.30020208393364,0.5897437079578722
147.30020208393364,16.971121839603626
149.3251475836539,16.971121839603626
149.3251475836539,18.991266831542458
151.42184947816486,18.991266831542458
151.42184947816486,21.144442711262776
153.4917157407339,21.144442711262776
153.4917157407339,37.784456699378666
155.52414731934454,37.784456699378666
155.52414731934454,-0.39463711860015144
157.60527205945576,-0.39463711860015144
157.60527205945576,-8.658739916869704
159.6612204160412,-8.658739916869704
159.6612204160412,4.6674944718636215
161.75135106861384,4.6674944718636215
161.75135106861384,-7.30139991011199
163.77560169974126,-7.30139991011199
163.77560169974126,2.399566713075533
165.84705441280042,2.399566713075533
165.84705441280042,1.4307400929139722
167.9166644388841,1.4307400929139722
167.9166644388841,-6.406684915797845
169.9880955579822,-6.406684915797845
169.9880955579822,-14.602041990245235
172.0181661977796,-14.602041990245235
172.0181661977796,-7.146900462366529
174.06497533765054,-7.146900462366529
174.06497533765054,11.72804236179494
176.16074490450643,11.72804236179494
176.16074490450643,28.110998310079456
178.17683514407818,28.110998310079456
178.17683514407818,-15.22946550652383
180.19785734270673,-15.22946550652383
180.19785734270673,3.08971066727824
182.25699002305012,3.08971066727824
182.25699002305012,28.12055953887719
184.27693601013118,28.12055953887719
184.27693601013118,10.066135286362757
186.3607450107121,10.066135286362757
186.3607450107121,-3.347860191472113
188.37967063968608,-3.347860191472113
188.37967063968608,-4.940102971874533
190.39358439578274,-4.940102971874533
190.39358439578274,11.167924686890654
192.41933162237964,11.167924686890654
192.41933162237964,11.410437818119677
194.4428928726583,11.410437818119677
194.4428928726583,-16.670893717715895
196.4747371557398,-16.670893717715895
196.4747371557398,11.403377486754732
198.5102158100598,11.403377486754732
198.5102158100598,-15.167917681701807
200.52772790536017,-15.167917681701807
200.52772790536017,11.152133246159229
202.54060942225811,11.152133246159229
202.54060942225811,-9.324739202270699
204.56063455091967,-9.324739202270699
204.56063455091967,-1.4960116854283472
206.65520408301649,-1.4960116854283472
206.65520408301649,3.412742576168772
208.70814817772774,3.412742576168772
208.70814817772774,-13.568348580262873
210.78788500180997,-13.568348580262873
210.78788500180997,41.49581170596894
212.78940458267047,41.49581170596894
212.78940458267047,16.482238525269775
214.85351906679122,16.482238525269775
214.85351906679122,12.178128502804954
216.86859962565822,12.178128502804954
216.86859962565822,-8.18286121545951
218.88120180858076,-8.18286121545951
218.88120180858076,-12.985596171861793
220.9224605237669,-12.985596171861793
220.9224605237669,12.348932998335565
222.92889829316292,12.348932998335565
222.92889829316292,-16.814537193538257
224.96891909314894,-16.814537193538257
224.96891909314894,-30.618100358318006
227.01486336582903,-30.618100358318006
227.01486336582903,-9.766498069957569
229.02552803245925,-9.766498069957569
229.02552803245925,14.951896842299504
231.11542722773922,14.951896842299504
231.11542722773922,14.141835415847847
233.12894535036932,14.141835415847847
233.12894535036932,7.3413003901557925
235.16856832313513,7.3413003901557925
235.16856832313513,-14.844429300838877
237.22805489616508,-14.844429300838877
237.22805489616508,-7.625943963757938
239.30229849270523,-7.625943963757938
239.30229849270523,15.77471331240612
241.3398800130465,15.77471331240612
241.3398800130465,12.022025560097104
243.39185252320107,12.022025560097104
243.39185252320107,0.3734433447846755
245.4650787836624,0.3734433447846755
245.4650787836624,-13.466495580293657
247.47265979179483,-13.466495580293657
247.47265979179483,2.1101308873125526
249.56522067901517,2.1101308873125526
249.56522067901517,3.010824974359872
251.62167469726577,3.010824974359872
251.62167469726577,1.5760618877796788
253.67373879756934,1.5760618877796788
253.67373879756934,-5.049261664110613
255.72511170866827,-5.049261664110613
255.72511170866827,38.24637895512406
257.7650149911376,38.24637895512406
257.7650149911376,9.91157108234944
259.78514323087586,9.91157108234944
259.78514323087586,9.327838378859886
261.8173426998056,9.327838378859886
261.8173426998056,16.44546622674733
263.87061931590677,16.44546622674733
263.87061931590677,-22.153090622833883
265.90089794669655,-22.153090622833883
265.90089794669655,13.867614718194568
267.95653796333283,13.867614718194568
267.95653796333283,-4.825873273723766
270.0050469700942,-4.825873273723766
270.0050469700942,22.117621934880297
272.00973447693985,22.117621934880297
272.00973447693985,0.12071621565859246
274.03258128319914,0.12071621565859246
274.03258128319914,9.57737203259347
276.12291608245664,9.57737203259347
276.12291608245664,27.881200721615322
278.17359809908214,27.881200721615322
278.17359809908214,29.83448530860554
280.1832323746773,29.83448530860554
280.1832323746773,-0.29905953675940183
282.22758755320433,-0.29905953675940183
282.22758755320433,-2.3212875110305538
284.24796654535254,-2.3212875110305538
284.24796654535254,5.89704287859102
286.33630782988695,5.89704287859102
286.33630782988695,11.328371041974235
288.3562673805913,11.328371041974235
288.3562673805913,13.667870276935297
290.4205533706447,13.667870276935297
290.4205533706447,9.565696242152512
292.4692839697649,9.565696242152512
292.4692839697649,4.153718551407904
294.54195304572687,4.153718551407904
294.54195304572687,7.065568948884452
296.5946323702964,7.065568948884452
296.5946323702964,-1.6765035296014918
298.5987177127866,-1.6765035296014918
298.5987177127866,-4.591557480137858
300.64109288202854,-4.591557480137858
300.64109288202854,-16.338783705993617
302.7216285103794,-16.338783705993617
302.7216285103794,-15.81061126824766
304.8195339836815,-15.81061126824766
304.8195339836815,-11.247025759368434
306.8419849021999,-11.247025759368434
306.8419849021999,25.525722927382912
308.92803351211825,25.525722927382912
308.92803351211825,18.71816593404781
310.93587862447407,18.71816593404781
310.93587862447407,2.1129810627396863
312.9618566433069,2.1129810627396863
312.9618566433069,1.6396780730777691
315.03265175508164,1.6396780730777691
315.03265175508164,23.277743631019426
317.0976735414233,23.277743631019426
317.0976735414233,-3.604250442357466
319.1862004051841,-3.604250442357466
319.1862004051841,-3.345824168919581
321.2124890721336,-3.345824168919581
321.2124890721336,11.997800998860605
323.22800000563103,11.997800998860605
323.22800000563103,40.7721656314501
325.2452874358219,40.7721656314501
325.2452874358219,-0.03882556740337956
327.3426412448512,-0.03882556740337956
327.3426412448512,0.8546106253683874
329.38779031566776,0.8546106253683874
329.38779031566776,-21.530103892972146
331.42019686850256,-21.530103892972146
331.42019686850256,9.344870413740603
333.4987679852794,9.344870413740603
333.4987679852794,2.6820508258575746
335.57601388221656,2.6820508258575746
335.57601388221656,-5.572738402092122
337.61614012124437,-5.572738402092122
337.61614012124437,27.707659073011477
339.6247437690151,27.707659073011477
339.6247437690151,2.7625675792910616
341.6574430913667,2.7625675792910616
341.6574430913667,26.63814437754479
343.6921456441057,26.63814437754479
343.6921456441057,20.3775329204274
345.6952620124222,20.3775329204274
345.6952620124222,23.35052511735438
347.7448318869355,23.35052511735438
347.7448318869355,24.84839090165479
349.7822689927443,24.84839090165479
349.7822689927443,-8.273360351075059
351.7836298227109,-8.273360351075059
351.7836298227109,-1.3008906319557536
353.86772212137015,-1.3008906319557536
353.86772212137015,7.212041189740912
355.89176852898584,7.212041189740912
355.89176852898584,-22.52094718623054
357.92585936239874,-22.52094718623054
357.92585936239874,31.31448029867089
359.9812604783888,31.31448029867089
360.0,-1.469085986204751
